<?xml version="1.0" encoding="utf-8"?>
<COLLADA xmlns="http://www.collada.org/2005/11/COLLADASchema" version="1.4.1">
  <asset><contributor><author>Mixamo</author><authoring_tool>COLLADA Mixamo exporter</authoring_tool><comments></comments></contributor><created>2021-05-28T05:48:17Z</created><modified>2021-05-28T05:48:17Z</modified><revision></revision><title></title><unit meter="0.010000"/><up_axis>Y_UP</up_axis></asset>
  <library_animations>
    <animation id="Hips-anim" name="Hips"><source id="Hips-Matrix-animation-input"><float_array id="Hips-Matrix-animation-input-array" count="267">

0.000000 0.033333 0.066667 0.100000 0.133333 0.166667 0.200000 0.233333 0.266667 0.300000 0.333333 0.366667 0.400000 0.433333 0.466667 0.500000
0.533333 0.566667 0.600000 0.633333 0.666667 0.700000 0.733333 0.766667 0.800000 0.833333 0.866667 0.900000 0.933333 0.966667 1.000000 1.033333
1.066667 1.100000 1.133333 1.166667 1.200000 1.233333 1.266667 1.300000 1.333333 1.366667 1.400000 1.433333 1.466667 1.500000 1.533333 1.566667
1.600000 1.633333 1.666667 1.700000 1.733333 1.766667 1.800000 1.833333 1.866667 1.900000 1.933333 1.966667 2.000000 2.033333 2.066667 2.100000
2.133333 2.166667 2.200000 2.233333 2.266667 2.300000 2.333333 2.366667 2.400000 2.433333 2.466667 2.500000 2.533333 2.566667 2.600000 2.633333
2.666667 2.700000 2.733333 2.766667 2.800000 2.833333 2.866667 2.900000 2.933333 2.966667 3.000000 3.033333 3.066667 3.100000 3.133333 3.166667
3.200000 3.233333 3.266667 3.300000 3.333333 3.366667 3.400000 3.433333 3.466667 3.500000 3.533333 3.566667 3.600000 3.633333 3.666667 3.700000
3.733333 3.766667 3.800000 3.833333 3.866667 3.900000 3.933333 3.966667 4.000000 4.033333 4.066667 4.100000 4.133333 4.166667 4.200000 4.233333
4.266667 4.300000 4.333333 4.366667 4.400000 4.433333 4.466667 4.500000 4.533333 4.566667 4.600000 4.633333 4.666667 4.700000 4.733333 4.766667
4.800000 4.833333 4.866667 4.900000 4.933333 4.966667 5.000000 5.033333 5.066667 5.100000 5.133333 5.166667 5.200000 5.233333 5.266667 5.300000
5.333333 5.366667 5.400000 5.433333 5.466667 5.500000 5.533333 5.566667 5.600000 5.633333 5.666667 5.700000 5.733333 5.766667 5.800000 5.833333
5.866667 5.900000 5.933333 5.966667 6.000000 6.033333 6.066667 6.100000 6.133333 6.166667 6.200000 6.233333 6.266667 6.300000 6.333333 6.366667
6.400000 6.433333 6.466667 6.500000 6.533333 6.566667 6.600000 6.633333 6.666667 6.700000 6.733333 6.766667 6.800000 6.833333 6.866667 6.900000
6.933333 6.966667 7.000000 7.033333 7.066667 7.100000 7.133333 7.166667 7.200000 7.233333 7.266667 7.300000 7.333333 7.366667 7.400000 7.433333
7.466667 7.500000 7.533333 7.566667 7.600000 7.633333 7.666667 7.700000 7.733333 7.766667 7.800000 7.833333 7.866667 7.900000 7.933333 7.966667
8.000000 8.033333 8.066667 8.100000 8.133333 8.166667 8.200000 8.233333 8.266667 8.300000 8.333333 8.366667 8.400000 8.433333 8.466667 8.500000
8.533333 8.566667 8.600000 8.633333 8.666667 8.700000 8.733333 8.766667 8.800000 8.833333 8.866667</float_array><technique_common><accessor source="#Hips-Matrix-animation-input-array" count="267"><param name="TIME" type="float"/></accessor></technique_common></source><source id="Hips-Matrix-animation-output-transform"><float_array id="Hips-Matrix-animation-output-transform-array" count="4272">

0.994020 0.060241 -0.091083 0.025190 -0.054408 0.996386 0.065224 95.578423 0.094683 -0.059878 0.993705 0.011870 0.000000 0.000000 0.000000 1.000000
0.993990 0.060268 -0.091387 0.027498 -0.054417 0.996386 0.065224 95.578362 0.094988 -0.059859 0.993677 0.004621 0.000000 0.000000 0.000000 1.000000
0.993905 0.060317 -0.092279 0.031097 -0.054412 0.996386 0.065224 95.577942 0.095879 -0.059805 0.993595 -0.010975 0.000000 0.000000 0.000000 1.000000
0.993771 0.060382 -0.093664 0.035940 -0.054394 0.996387 0.065224 95.577774 0.097264 -0.059723 0.993465 -0.036951 0.000000 0.000000 0.000000 1.000000
0.993613 0.060475 -0.095271 0.040600 -0.054367 0.996373 0.065457 95.578117 0.098884 -0.059859 0.993297 -0.072922 0.000000 0.000000 0.000000 1.000000
0.993440 0.060648 -0.096949 0.042833 -0.054396 0.996343 0.065886 95.578537 0.100591 -0.060180 0.993106 -0.117789 0.000000 0.000000 0.000000 1.000000
0.993258 0.061045 -0.098551 0.041207 -0.054633 0.996290 0.066500 95.579063 0.102245 -0.060667 0.992908 -0.169138 0.000000 0.000000 0.000000 1.000000
0.993105 0.061536 -0.099778 0.036409 -0.054965 0.996216 0.067323 95.580093 0.103543 -0.061374 0.992730 -0.222669 0.000000 0.000000 0.000000 1.000000
0.993005 0.062007 -0.100475 0.029093 -0.055281 0.996125 0.068399 95.582375 0.104327 -0.062366 0.992586 -0.275250 0.000000 0.000000 0.000000 1.000000
0.992938 0.062511 -0.100828 0.018530 -0.055622 0.996013 0.069749 95.585785 0.104786 -0.063648 0.992456 -0.325311 0.000000 0.000000 0.000000 1.000000
0.992873 0.063107 -0.101096 0.004111 -0.056036 0.995878 0.071319 95.589325 0.105180 -0.065145 0.992317 -0.370738 0.000000 0.000000 0.000000 1.000000
0.992822 0.063727 -0.101205 -0.014269 -0.056474 0.995733 0.072985 95.592499 0.105424 -0.066746 0.992185 -0.409196 0.000000 0.000000 0.000000 1.000000
0.992833 0.064281 -0.100748 -0.037527 -0.056888 0.995588 0.074615 95.596268 0.105100 -0.068348 0.992110 -0.439972 0.000000 0.000000 0.000000 1.000000
0.992936 0.064781 -0.099405 -0.066326 -0.057325 0.995450 0.076114 95.601303 0.103884 -0.069878 0.992132 -0.463756 0.000000 0.000000 0.000000 1.000000
0.993114 0.065286 -0.097276 -0.100233 -0.057844 0.995316 0.077455 95.606705 0.101877 -0.071295 0.992239 -0.479891 0.000000 0.000000 0.000000 1.000000
0.993322 0.065833 -0.094748 -0.141949 -0.058446 0.995180 0.078741 95.610939 0.099475 -0.072678 0.992382 -0.484525 0.000000 0.000000 0.000000 1.000000
0.993546 0.066412 -0.091952 -0.196774 -0.059105 0.995039 0.080030 95.613678 0.096811 -0.074078 0.992542 -0.474883 0.000000 0.000000 0.000000 1.000000
0.993822 0.066980 -0.088492 -0.263806 -0.059838 0.994913 0.081043 95.615921 0.093470 -0.075247 0.992774 -0.455031 0.000000 0.000000 0.000000 1.000000
0.994186 0.067506 -0.083892 -0.338053 -0.060665 0.994819 0.081579 95.618599 0.088965 -0.076015 0.993130 -0.430593 0.000000 0.000000 0.000000 1.000000
0.994639 0.067904 -0.077983 -0.416928 -0.061498 0.994750 0.081795 95.621605 0.083128 -0.076561 0.993594 -0.403240 0.000000 0.000000 0.000000 1.000000
0.995172 0.068007 -0.070770 -0.501054 -0.062157 0.994707 0.081821 95.624985 0.075960 -0.077028 0.994131 -0.373990 0.000000 0.000000 0.000000 1.000000
0.995764 0.067729 -0.062182 -0.591530 -0.062562 0.994700 0.081591 95.629784 0.067378 -0.077355 0.994724 -0.346063 0.000000 0.000000 0.000000 1.000000
0.996378 0.067196 -0.052120 -0.686951 -0.062845 0.994726 0.081055 95.636826 0.057292 -0.077486 0.995346 -0.322500 0.000000 0.000000 0.000000 1.000000
0.996945 0.066643 -0.040747 -0.783185 -0.063217 0.994767 0.080268 95.645912 0.045883 -0.077447 0.995940 -0.301862 0.000000 0.000000 0.000000 1.000000
0.997393 0.066236 -0.028652 -0.875732 -0.063783 0.994802 0.079378 95.656845 0.033760 -0.077344 0.996433 -0.277392 0.000000 0.000000 0.000000 1.000000
0.997686 0.065932 -0.016588 -0.962748 -0.064436 0.994820 0.078615 95.666862 0.021686 -0.077364 0.996767 -0.241757 0.000000 0.000000 0.000000 1.000000
0.997847 0.065397 -0.005024 -1.047104 -0.064807 0.994838 0.078086 95.664574 0.010105 -0.077592 0.996934 -0.192640 0.000000 0.000000 0.000000 1.000000
0.997880 0.064805 0.005968 -1.130454 -0.065073 0.994860 0.077581 95.661461 -0.000910 -0.077805 0.996968 -0.130213 0.000000 0.000000 0.000000 1.000000
0.997802 0.064199 0.016437 -1.212924 -0.065278 0.994908 0.076794 95.659615 -0.011423 -0.077698 0.996911 -0.058839 0.000000 0.000000 0.000000 1.000000
0.997624 0.063605 0.026490 -1.291243 -0.065447 0.994981 0.075697 95.659187 -0.021542 -0.077250 0.996779 0.018046 0.000000 0.000000 0.000000 1.000000
0.997358 0.062871 0.036387 -1.361743 -0.065447 0.995064 0.074588 95.658112 -0.031518 -0.076772 0.996550 0.101385 0.000000 0.000000 0.000000 1.000000
0.997002 0.061761 0.046609 -1.423650 -0.065096 0.995146 0.073800 95.656021 -0.041825 -0.076613 0.996183 0.196053 0.000000 0.000000 0.000000 1.000000
0.996519 0.060200 0.057662 -1.478998 -0.064370 0.995222 0.073414 95.652557 -0.052967 -0.076870 0.995633 0.305447 0.000000 0.000000 0.000000 1.000000
0.995858 0.058405 0.069685 -1.531045 -0.063506 0.995280 0.073378 95.646568 -0.065071 -0.077500 0.994867 0.429100 0.000000 0.000000 0.000000 1.000000
0.994999 0.056698 0.082232 -1.583603 -0.062808 0.995299 0.073723 95.636566 -0.077665 -0.078519 0.993883 0.565403 0.000000 0.000000 0.000000 1.000000
0.993982 0.055284 0.094571 -1.640205 -0.062429 0.995277 0.074343 95.623154 -0.090015 -0.079799 0.992738 0.712370 0.000000 0.000000 0.000000 1.000000
0.992876 0.054205 0.106113 -1.703891 -0.062339 0.995241 0.074897 95.609055 -0.101548 -0.080978 0.991529 0.865426 0.000000 0.000000 0.000000 1.000000
0.991744 0.053443 0.116564 -1.777002 -0.062458 0.995217 0.075110 95.595879 -0.111993 -0.081770 0.990339 1.020595 0.000000 0.000000 0.000000 1.000000
0.990578 0.053199 0.126196 -1.860640 -0.062988 0.995201 0.074887 95.582764 -0.121606 -0.082130 0.989175 1.178083 0.000000 0.000000 0.000000 1.000000
0.989261 0.053849 0.135880 -1.954473 -0.064359 0.995166 0.074173 95.569725 -0.131229 -0.082122 0.987945 1.338203 0.000000 0.000000 0.000000 1.000000
0.987672 0.055454 0.146389 -2.056702 -0.066683 0.995104 0.072947 95.559364 -0.141627 -0.081809 0.986534 1.499108 0.000000 0.000000 0.000000 1.000000
0.985808 0.057385 0.157763 -2.163897 -0.069346 0.995035 0.071388 95.551971 -0.152884 -0.081315 0.984893 1.661988 0.000000 0.000000 0.000000 1.000000
0.983774 0.058913 0.169464 -2.270023 -0.071617 0.994983 0.069855 95.544312 -0.164499 -0.080858 0.983058 1.830451 0.000000 0.000000 0.000000 1.000000
0.981655 0.059959 0.180993 -2.367461 -0.073403 0.994946 0.068516 95.534096 -0.175970 -0.080545 0.981095 2.000664 0.000000 0.000000 0.000000 1.000000
0.979375 0.061007 0.192622 -2.452950 -0.075170 0.994911 0.067091 95.521553 -0.187549 -0.080187 0.978977 2.161479 0.000000 0.000000 0.000000 1.000000
0.976662 0.062434 0.205508 -2.530341 -0.077297 0.994880 0.065100 95.506790 -0.200392 -0.079466 0.976488 2.305511 0.000000 0.000000 0.000000 1.000000
0.973244 0.063979 0.220687 -2.602536 -0.079567 0.994870 0.062473 95.491425 -0.215558 -0.078361 0.973342 2.435838 0.000000 0.000000 0.000000 1.000000
0.969042 0.065022 0.238182 -2.665076 -0.081396 0.994901 0.059560 95.481018 -0.233095 -0.077103 0.969393 2.563437 0.000000 0.000000 0.000000 1.000000
0.963988 0.065460 0.257764 -2.714257 -0.082692 0.994968 0.056579 95.479134 -0.252764 -0.075857 0.964550 2.699256 0.000000 0.000000 0.000000 1.000000
0.957711 0.065578 0.280160 -2.751847 -0.083855 0.995028 0.053745 95.479996 -0.275242 -0.074965 0.958448 2.849478 0.000000 0.000000 0.000000 1.000000
0.949696 0.065245 0.306302 -2.775949 -0.085000 0.995044 0.051591 95.472122 -0.301418 -0.075031 0.950535 3.015961 0.000000 0.000000 0.000000 1.000000
0.939813 0.064008 0.335640 -2.779137 -0.085768 0.995040 0.050397 95.450974 -0.330749 -0.076151 0.940641 3.193886 0.000000 0.000000 0.000000 1.000000
0.928553 0.061755 0.366028 -2.756646 -0.085845 0.995058 0.049892 95.425430 -0.361138 -0.077749 0.929266 3.372504 0.000000 0.000000 0.000000 1.000000
0.916830 0.058796 0.394926 -2.708624 -0.085253 0.995116 0.049766 95.410080 -0.390071 -0.079296 0.917364 3.543605 0.000000 0.000000 0.000000 1.000000
0.905597 0.055473 0.420495 -2.638111 -0.084159 0.995199 0.049958 95.410912 -0.415705 -0.080631 0.905918 3.702401 0.000000 0.000000 0.000000 1.000000
0.895695 0.051920 0.441628 -2.548887 -0.082644 0.995294 0.050604 95.420525 -0.436922 -0.081824 0.895770 3.840680 0.000000 0.000000 0.000000 1.000000
0.887929 0.048186 0.457451 -2.445185 -0.080747 0.995383 0.051883 95.428078 -0.452839 -0.083006 0.887720 3.946500 0.000000 0.000000 0.000000 1.000000
0.883026 0.044500 0.467210 -2.331702 -0.078537 0.995468 0.053620 95.432533 -0.462707 -0.084041 0.882519 4.011099 0.000000 0.000000 0.000000 1.000000
0.881336 0.041198 0.470690 -2.210807 -0.076067 0.995569 0.055291 95.441368 -0.466326 -0.084534 0.880564 4.034283 0.000000 0.000000 0.000000 1.000000
0.882625 0.038448 0.468503 -2.082937 -0.073396 0.995698 0.056561 95.459534 -0.464313 -0.084308 0.881649 4.023086 0.000000 0.000000 0.000000 1.000000
0.886276 0.036140 0.461745 -1.949682 -0.070617 0.995839 0.057599 95.481155 -0.457742 -0.083655 0.885141 3.986048 0.000000 0.000000 0.000000 1.000000
0.891644 0.034118 0.451450 -1.815198 -0.067883 0.995959 0.058803 95.493492 -0.447620 -0.083077 0.890357 3.929171 0.000000 0.000000 0.000000 1.000000
0.898194 0.032438 0.438400 -1.686607 -0.065448 0.996027 0.060391 95.492630 -0.434699 -0.082935 0.896749 3.856072 0.000000 0.000000 0.000000 1.000000
0.905447 0.031361 0.423300 -1.571303 -0.063625 0.996027 0.062304 95.488312 -0.419664 -0.083346 0.903845 3.771810 0.000000 0.000000 0.000000 1.000000
0.912790 0.031138 0.407242 -1.473199 -0.062671 0.995960 0.064318 95.491257 -0.403593 -0.084231 0.911053 3.682974 0.000000 0.000000 0.000000 1.000000
0.919517 0.031705 0.391770 -1.390104 -0.062596 0.995833 0.066327 95.502777 -0.388034 -0.085512 0.917669 3.594194 0.000000 0.000000 0.000000 1.000000
0.925204 0.032619 0.378065 -1.315370 -0.063130 0.995646 0.068590 95.517784 -0.374181 -0.087327 0.923235 3.507055 0.000000 0.000000 0.000000 1.000000
0.929925 0.033457 0.366224 -1.244801 -0.063922 0.995399 0.071377 95.530762 -0.362151 -0.089785 0.927785 3.420141 0.000000 0.000000 0.000000 1.000000
0.934029 0.034161 0.355559 -1.177749 -0.064750 0.995118 0.074485 95.539375 -0.351279 -0.092594 0.931681 3.331638 0.000000 0.000000 0.000000 1.000000
0.937749 0.034875 0.345558 -1.110311 -0.065503 0.994850 0.077352 95.544876 -0.341081 -0.095172 0.935204 3.242744 0.000000 0.000000 0.000000 1.000000
0.941034 0.035687 0.336426 -1.036776 -0.066134 0.994640 0.079480 95.550079 -0.331786 -0.097043 0.938350 3.156594 0.000000 0.000000 0.000000 1.000000
0.943821 0.036618 0.328421 -0.957364 -0.066666 0.994506 0.080702 95.555595 -0.323662 -0.098063 0.941077 3.075964 0.000000 0.000000 0.000000 1.000000
0.946349 0.037701 0.320941 -0.875174 -0.067107 0.994448 0.081060 95.559959 -0.316103 -0.098248 0.943624 3.003176 0.000000 0.000000 0.000000 1.000000
0.949025 0.039034 0.312776 -0.790014 -0.067478 0.994457 0.080634 95.562950 -0.307895 -0.097629 0.946398 2.941387 0.000000 0.000000 0.000000 1.000000
0.952130 0.040662 0.302978 -0.700773 -0.067835 0.994507 0.079708 95.565033 -0.298073 -0.096445 0.949658 2.894889 0.000000 0.000000 0.000000 1.000000
0.955682 0.042523 0.291315 -0.609198 -0.068239 0.994561 0.078690 95.566147 -0.286384 -0.095082 0.953385 2.865234 0.000000 0.000000 0.000000 1.000000
0.959493 0.044623 0.278176 -0.520049 -0.068743 0.994615 0.077562 95.567970 -0.273217 -0.093543 0.957394 2.848646 0.000000 0.000000 0.000000 1.000000
0.963282 0.047091 0.264328 -0.438403 -0.069449 0.994695 0.075885 95.571518 -0.259353 -0.091456 0.961443 2.841884 0.000000 0.000000 0.000000 1.000000
0.966727 0.049964 0.250883 -0.366490 -0.070485 0.994803 0.073483 95.570213 -0.245907 -0.088721 0.965224 2.848001 0.000000 0.000000 0.000000 1.000000
0.969562 0.052948 0.239052 -0.303003 -0.071772 0.994910 0.070737 95.558258 -0.234090 -0.085741 0.968427 2.870129 0.000000 0.000000 0.000000 1.000000
0.971706 0.055527 0.229574 -0.245724 -0.072947 0.995008 0.068096 95.542755 -0.224647 -0.082916 0.970906 2.903719 0.000000 0.000000 0.000000 1.000000
0.973249 0.057320 0.222489 -0.190777 -0.073598 0.995130 0.065569 95.535065 -0.217647 -0.080190 0.972728 2.941256 0.000000 0.000000 0.000000 1.000000
0.974363 0.058166 0.217334 -0.131816 -0.073471 0.995305 0.063013 95.537476 -0.212648 -0.077366 0.974061 2.977722 0.000000 0.000000 0.000000 1.000000
0.975338 0.058102 0.212934 -0.067819 -0.072553 0.995517 0.060685 95.544189 -0.208453 -0.074637 0.975180 3.007459 0.000000 0.000000 0.000000 1.000000
0.976625 0.057514 0.207113 -0.007668 -0.071173 0.995711 0.059108 95.549332 -0.202825 -0.072467 0.976530 3.022380 0.000000 0.000000 0.000000 1.000000
0.978660 0.056938 0.197441 0.039179 -0.069768 0.995838 0.058643 95.552208 -0.193280 -0.071166 0.978559 3.014321 0.000000 0.000000 0.000000 1.000000
0.981561 0.056729 0.182537 0.071006 -0.068588 0.995880 0.059320 95.555740 -0.178420 -0.070746 0.981408 2.975481 0.000000 0.000000 0.000000 1.000000
0.985050 0.057125 0.162523 0.087522 -0.067800 0.995838 0.060910 95.560303 -0.158368 -0.071019 0.984823 2.897858 0.000000 0.000000 0.000000 1.000000
0.988615 0.058302 0.138715 0.083196 -0.067570 0.995719 0.063064 95.562515 -0.134445 -0.071719 0.988322 2.777483 0.000000 0.000000 0.000000 1.000000
0.991752 0.060328 0.113087 0.052782 -0.068022 0.995534 0.065459 95.561455 -0.108633 -0.072611 0.991427 2.622145 0.000000 0.000000 0.000000 1.000000
0.994156 0.063189 0.087528 -0.000707 -0.069237 0.995288 0.067879 95.561409 -0.082827 -0.073543 0.993847 2.450452 0.000000 0.000000 0.000000 1.000000
0.995784 0.066514 0.063172 -0.060828 -0.070906 0.995021 0.070035 95.567123 -0.058200 -0.074219 0.995542 2.276347 0.000000 0.000000 0.000000 1.000000
0.996782 0.069467 0.039990 -0.103231 -0.072196 0.994830 0.071419 95.579300 -0.034822 -0.074076 0.996644 2.097378 0.000000 0.000000 0.000000 1.000000
0.997287 0.071531 0.017349 -0.114079 -0.072599 0.994782 0.071683 95.596001 -0.012131 -0.072748 0.997277 1.908009 0.000000 0.000000 0.000000 1.000000
0.997312 0.073120 -0.004704 -0.098304 -0.072603 0.994833 0.070971 95.615578 0.009869 -0.070438 0.997467 1.716516 0.000000 0.000000 0.000000 1.000000
0.996910 0.074432 -0.025120 -0.065113 -0.072529 0.994932 0.069635 95.636444 0.030176 -0.067598 0.997256 1.537541 0.000000 0.000000 0.000000 1.000000
0.996237 0.075426 -0.042701 -0.017710 -0.072424 0.995056 0.067954 95.656670 0.047615 -0.064606 0.996774 1.379362 0.000000 0.000000 0.000000 1.000000
0.995483 0.075976 -0.056928 0.040939 -0.072174 0.995198 0.066115 95.674835 0.061678 -0.061708 0.996187 1.245492 0.000000 0.000000 0.000000 1.000000
0.994794 0.075941 -0.067957 0.102948 -0.071600 0.995366 0.064185 95.690056 0.072517 -0.058985 0.995621 1.139984 0.000000 0.000000 0.000000 1.000000
0.994255 0.075478 -0.075894 0.158623 -0.070829 0.995548 0.062183 95.701073 0.080250 -0.056451 0.995175 1.066191 0.000000 0.000000 0.000000 1.000000
0.993935 0.074857 -0.080563 0.201878 -0.070103 0.995716 0.060300 95.706787 0.084732 -0.054286 0.994924 1.024336 0.000000 0.000000 0.000000 1.000000
0.993833 0.074276 -0.082330 0.231832 -0.069553 0.995842 0.058823 95.707954 0.086357 -0.052734 0.994868 1.011637 0.000000 0.000000 0.000000 1.000000
0.993863 0.073768 -0.082424 0.250167 -0.069118 0.995926 0.057921 95.707283 0.086361 -0.051869 0.994913 1.024579 0.000000 0.000000 0.000000 1.000000
0.993926 0.073310 -0.082079 0.258552 -0.068697 0.995969 0.057684 95.706879 0.085977 -0.051695 0.994955 1.061149 0.000000 0.000000 0.000000 1.000000
0.993946 0.072967 -0.082142 0.259836 -0.068309 0.995967 0.058167 95.706375 0.086055 -0.052204 0.994922 1.117172 0.000000 0.000000 0.000000 1.000000
0.993831 0.072926 -0.083553 0.259598 -0.068097 0.995917 0.059263 95.702705 0.087533 -0.053208 0.994740 1.183625 0.000000 0.000000 0.000000 1.000000
0.993495 0.073342 -0.087110 0.263158 -0.068192 0.995824 0.060703 95.691429 0.091199 -0.054368 0.994347 1.251918 0.000000 0.000000 0.000000 1.000000
0.992939 0.074238 -0.092528 0.270481 -0.068658 0.995706 0.062092 95.671776 0.096740 -0.055301 0.993772 1.319589 0.000000 0.000000 0.000000 1.000000
0.992264 0.075574 -0.098496 0.276514 -0.069579 0.995589 0.062945 95.650200 0.102818 -0.055605 0.993145 1.388988 0.000000 0.000000 0.000000 1.000000
0.991579 0.077246 -0.103947 0.279636 -0.070944 0.995488 0.063018 95.635147 0.108346 -0.055113 0.992584 1.462683 0.000000 0.000000 0.000000 1.000000
0.990882 0.078998 -0.109146 0.287262 -0.072459 0.995403 0.062637 95.628273 0.113593 -0.054157 0.992050 1.540464 0.000000 0.000000 0.000000 1.000000
0.990033 0.080572 -0.115510 0.310678 -0.073719 0.995323 0.062427 95.624268 0.120000 -0.053289 0.991343 1.620354 0.000000 0.000000 0.000000 1.000000
0.988850 0.081835 -0.124411 0.357913 -0.074474 0.995249 0.062712 95.619110 0.128952 -0.052748 0.990247 1.701729 0.000000 0.000000 0.000000 1.000000
0.987198 0.082743 -0.136356 0.431808 -0.074662 0.995194 0.063356 95.615288 0.140943 -0.052364 0.988632 1.787217 0.000000 0.000000 0.000000 1.000000
0.984995 0.083352 -0.151119 0.530647 -0.074366 0.995164 0.064178 95.614983 0.155738 -0.051977 0.986430 1.883681 0.000000 0.000000 0.000000 1.000000
0.982216 0.083661 -0.168087 0.648740 -0.073589 0.995149 0.065291 95.615593 0.172734 -0.051760 0.983608 2.000078 0.000000 0.000000 0.000000 1.000000
0.978913 0.083484 -0.186440 0.777685 -0.072130 0.995150 0.066884 95.608971 0.191120 -0.052025 0.980187 2.141258 0.000000 0.000000 0.000000 1.000000
0.975143 0.083043 -0.205429 0.912949 -0.070244 0.995152 0.068842 95.606239 0.210149 -0.052701 0.976248 2.305860 0.000000 0.000000 0.000000 1.000000
0.970924 0.082230 -0.224824 1.051379 -0.067890 0.995178 0.070798 95.599281 0.229561 -0.053476 0.971824 2.483079 0.000000 0.000000 0.000000 1.000000
0.966156 0.080809 -0.244976 1.191540 -0.064873 0.995260 0.072451 95.572334 0.249670 -0.054107 0.966818 2.658576 0.000000 0.000000 0.000000 1.000000
0.960661 0.079105 -0.266221 1.335391 -0.061535 0.995379 0.073718 95.539612 0.270822 -0.054436 0.961089 2.825889 0.000000 0.000000 0.000000 1.000000
0.954403 0.077186 -0.288371 1.480941 -0.057968 0.995526 0.074612 95.506294 0.292840 -0.054494 0.954607 2.985685 0.000000 0.000000 0.000000 1.000000
0.947494 0.075161 -0.310814 1.621353 -0.054370 0.995697 0.075038 95.478935 0.315117 -0.054199 0.947504 3.138728 0.000000 0.000000 0.000000 1.000000
0.940107 0.073187 -0.332930 1.744576 -0.051040 0.995891 0.074802 95.460655 0.337036 -0.053329 0.939980 3.278525 0.000000 0.000000 0.000000 1.000000
0.932427 0.071510 -0.354213 1.842070 -0.048288 0.996090 0.073980 95.449173 0.358119 -0.051877 0.932234 3.396664 0.000000 0.000000 0.000000 1.000000
0.924619 0.070427 -0.374327 1.918027 -0.046288 0.996250 0.073100 95.439240 0.378071 -0.050263 0.924411 3.490442 0.000000 0.000000 0.000000 1.000000
0.916822 0.070035 -0.393106 1.981924 -0.044976 0.996346 0.072610 95.427315 0.396755 -0.048890 0.916622 3.563823 0.000000 0.000000 0.000000 1.000000
0.909202 0.070147 -0.410403 2.034468 -0.044224 0.996400 0.072335 95.406151 0.413999 -0.047617 0.909031 3.623091 0.000000 0.000000 0.000000 1.000000
0.902036 0.070571 -0.425854 2.069260 -0.043954 0.996434 0.072022 95.385185 0.429418 -0.046248 0.901921 3.674729 0.000000 0.000000 0.000000 1.000000
0.895767 0.071320 -0.438766 2.083329 -0.044131 0.996437 0.071872 95.371429 0.442328 -0.045017 0.895723 3.719033 0.000000 0.000000 0.000000 1.000000
0.890908 0.072511 -0.448357 2.080304 -0.044767 0.996386 0.072188 95.363167 0.451971 -0.044241 0.890935 3.749403 0.000000 0.000000 0.000000 1.000000
0.887809 0.074154 -0.454200 2.065184 -0.045929 0.996283 0.072880 95.359726 0.457915 -0.043842 0.887914 3.757569 0.000000 0.000000 0.000000 1.000000
0.886450 0.076250 -0.456499 2.039483 -0.047795 0.996144 0.073578 95.363762 0.460349 -0.043404 0.886676 3.738542 0.000000 0.000000 0.000000 1.000000
0.886484 0.078803 -0.456000 2.004682 -0.050440 0.995977 0.074059 95.375549 0.460002 -0.042652 0.886893 3.692419 0.000000 0.000000 0.000000 1.000000
0.887589 0.081436 -0.453380 1.967335 -0.053374 0.995801 0.074374 95.388931 0.457533 -0.041815 0.888209 3.624671 0.000000 0.000000 0.000000 1.000000
0.889768 0.083519 -0.448707 1.935280 -0.055820 0.995647 0.074635 95.399544 0.452988 -0.041361 0.890557 3.544817 0.000000 0.000000 0.000000 1.000000
0.893241 0.084766 -0.441514 1.911227 -0.057476 0.995537 0.074850 95.409569 0.445889 -0.041483 0.894127 3.461942 0.000000 0.000000 0.000000 1.000000
0.898146 0.085287 -0.431347 1.892401 -0.058486 0.995463 0.075048 95.421898 0.435791 -0.042176 0.899059 3.380279 0.000000 0.000000 0.000000 1.000000
0.904250 0.085128 -0.418431 1.875374 -0.058815 0.995416 0.075412 95.442375 0.422933 -0.043581 0.905112 3.300079 0.000000 0.000000 0.000000 1.000000
0.910951 0.084220 -0.403825 1.858758 -0.058300 0.995396 0.076082 95.468872 0.408374 -0.045764 0.911667 3.220505 0.000000 0.000000 0.000000 1.000000
0.917602 0.082756 -0.388790 1.841440 -0.057116 0.995388 0.077071 95.497795 0.393376 -0.048515 0.918097 3.145496 0.000000 0.000000 0.000000 1.000000
0.923833 0.081009 -0.374126 1.822031 -0.055523 0.995373 0.078426 95.523491 0.378748 -0.051680 0.924056 3.080150 0.000000 0.000000 0.000000 1.000000
0.929689 0.079024 -0.359769 1.797345 -0.053575 0.995339 0.080185 95.541504 0.364429 -0.055273 0.929589 3.022953 0.000000 0.000000 0.000000 1.000000
0.935510 0.076822 -0.344846 1.758535 -0.051416 0.995285 0.082239 95.553368 0.349538 -0.059205 0.935050 2.966518 0.000000 0.000000 0.000000 1.000000
0.941557 0.074695 -0.328469 1.693859 -0.049486 0.995197 0.084459 95.562645 0.333200 -0.063268 0.940731 2.903050 0.000000 0.000000 0.000000 1.000000
0.947674 0.072949 -0.310792 1.598427 -0.048151 0.995067 0.086737 95.569252 0.315587 -0.067233 0.946512 2.828464 0.000000 0.000000 0.000000 1.000000
0.953406 0.071616 -0.293067 1.478811 -0.047431 0.994918 0.088820 95.574463 0.297939 -0.070781 0.951957 2.744610 0.000000 0.000000 0.000000 1.000000
0.958450 0.070615 -0.276383 1.344910 -0.047203 0.994780 0.090469 95.582245 0.281329 -0.073664 0.956780 2.657368 0.000000 0.000000 0.000000 1.000000
0.962877 0.069964 -0.260716 1.201439 -0.047433 0.994653 0.091739 95.591919 0.265740 -0.075967 0.961047 2.569735 0.000000 0.000000 0.000000 1.000000
0.966868 0.069720 -0.245571 1.050659 -0.048125 0.994514 0.092875 95.598183 0.250699 -0.077980 0.964919 2.479518 0.000000 0.000000 0.000000 1.000000
0.970468 0.069749 -0.230928 0.897311 -0.049101 0.994362 0.093990 95.598686 0.236182 -0.079875 0.968421 2.387336 0.000000 0.000000 0.000000 1.000000
0.973643 0.069775 -0.217142 0.746119 -0.050054 0.994215 0.095035 95.595932 0.222517 -0.081661 0.971503 2.299592 0.000000 0.000000 0.000000 1.000000
0.976409 0.069709 -0.204368 0.598818 -0.050872 0.994078 0.096023 95.592407 0.209851 -0.083361 0.974173 2.219571 0.000000 0.000000 0.000000 1.000000
0.978831 0.069629 -0.192462 0.456456 -0.051629 0.993943 0.097014 95.589264 0.198051 -0.085023 0.976497 2.142901 0.000000 0.000000 0.000000 1.000000
0.980968 0.069504 -0.181302 0.320734 -0.052311 0.993815 0.097952 95.586372 0.186988 -0.086604 0.978537 2.067260 0.000000 0.000000 0.000000 1.000000
0.982877 0.069240 -0.170759 0.190820 -0.052845 0.993707 0.098760 95.582275 0.176522 -0.088045 0.980351 1.998172 0.000000 0.000000 0.000000 1.000000
0.984605 0.068865 -0.160657 0.063431 -0.053266 0.993615 0.099461 95.574112 0.166481 -0.089372 0.981986 1.939263 0.000000 0.000000 0.000000 1.000000
0.986147 0.068487 -0.151076 -0.062115 -0.053686 0.993541 0.099967 95.560532 0.156947 -0.090472 0.983454 1.885206 0.000000 0.000000 0.000000 1.000000
0.987507 0.068011 -0.142144 -0.181292 -0.054053 0.993533 0.099852 95.545990 0.148016 -0.090921 0.984797 1.828759 0.000000 0.000000 0.000000 1.000000
0.988813 0.067077 -0.133229 -0.285534 -0.054147 0.993672 0.098412 95.542313 0.138987 -0.090097 0.986187 1.767921 0.000000 0.000000 0.000000 1.000000
0.990192 0.065423 -0.123448 -0.366857 -0.053799 0.993998 0.095252 95.553040 0.128939 -0.087676 0.987769 1.705896 0.000000 0.000000 0.000000 1.000000
0.991480 0.063508 -0.113725 -0.425698 -0.053292 0.994449 0.090724 95.567841 0.118856 -0.083890 0.989361 1.645805 0.000000 0.000000 0.000000 1.000000
0.992316 0.062350 -0.106875 -0.472002 -0.053315 0.994919 0.085404 95.578362 0.111657 -0.079050 0.990598 1.585696 0.000000 0.000000 0.000000 1.000000
0.992617 0.062258 -0.104097 -0.511625 -0.054089 0.995364 0.079534 95.585930 0.108566 -0.073316 0.991382 1.533464 0.000000 0.000000 0.000000 1.000000
0.992696 0.062449 -0.103223 -0.540567 -0.055024 0.995793 0.073277 95.590492 0.107365 -0.067062 0.991955 1.514924 0.000000 0.000000 0.000000 1.000000
0.992818 0.062344 -0.102110 -0.558860 -0.055653 0.996192 0.067115 95.590256 0.105905 -0.060951 0.992506 1.546452 0.000000 0.000000 0.000000 1.000000
0.992965 0.061928 -0.100924 -0.573482 -0.055876 0.996528 0.061726 95.588379 0.104396 -0.055652 0.992977 1.621517 0.000000 0.000000 0.000000 1.000000
0.993052 0.061097 -0.100568 -0.589648 -0.055499 0.996799 0.057553 95.582970 0.103763 -0.051571 0.993264 1.724869 0.000000 0.000000 0.000000 1.000000
0.993045 0.060341 -0.101095 -0.607430 -0.055013 0.996987 0.054688 95.586578 0.104091 -0.048746 0.993373 1.844009 0.000000 0.000000 0.000000 1.000000
0.992980 0.059944 -0.101963 -0.628694 -0.054744 0.997089 0.053065 95.593826 0.104847 -0.047110 0.993372 1.964901 0.000000 0.000000 0.000000 1.000000
0.992905 0.060027 -0.102643 -0.654776 -0.054852 0.997112 0.052521 95.596611 0.105500 -0.046518 0.993331 2.075709 0.000000 0.000000 0.000000 1.000000
0.992867 0.060513 -0.102725 -0.684395 -0.055303 0.997071 0.052829 95.586296 0.105621 -0.046771 0.993306 2.168053 0.000000 0.000000 0.000000 1.000000
0.992906 0.061409 -0.101819 -0.712240 -0.056144 0.996972 0.053793 95.569267 0.104814 -0.047695 0.993347 2.236165 0.000000 0.000000 0.000000 1.000000
0.993054 0.062514 -0.099681 -0.732666 -0.057212 0.996835 0.055195 95.554214 0.102816 -0.049108 0.993487 2.271667 0.000000 0.000000 0.000000 1.000000
0.993336 0.063433 -0.096230 -0.742528 -0.058158 0.996697 0.056675 95.543114 0.099508 -0.050701 0.993744 2.264835 0.000000 0.000000 0.000000 1.000000
0.993745 0.063893 -0.091591 -0.741883 -0.058743 0.996595 0.057867 95.535576 0.094977 -0.052125 0.994114 2.211565 0.000000 0.000000 0.000000 1.000000
0.994237 0.063876 -0.086102 -0.734448 -0.058943 0.996536 0.058667 95.531990 0.089551 -0.053254 0.994557 2.116908 0.000000 0.000000 0.000000 1.000000
0.994755 0.063599 -0.080109 -0.726309 -0.058940 0.996502 0.059241 95.533073 0.083597 -0.054208 0.995024 1.992356 0.000000 0.000000 0.000000 1.000000
0.995252 0.063368 -0.073882 -0.722516 -0.059015 0.996471 0.059682 95.535919 0.077403 -0.055039 0.995480 1.849208 0.000000 0.000000 0.000000 1.000000
0.995700 0.063126 -0.067804 -0.725722 -0.059101 0.996458 0.059822 95.528664 0.071340 -0.055558 0.995904 1.693651 0.000000 0.000000 0.000000 1.000000
0.996042 0.063265 -0.062438 -0.732720 -0.059546 0.996437 0.059730 95.525696 0.065995 -0.055776 0.996260 1.534507 0.000000 0.000000 0.000000 1.000000
0.996263 0.063688 -0.058343 -0.738403 -0.060195 0.996395 0.059784 95.531128 0.061940 -0.056048 0.996505 1.382317 0.000000 0.000000 0.000000 1.000000
0.996393 0.064096 -0.055605 -0.737264 -0.060723 0.996328 0.060362 95.541283 0.059270 -0.056768 0.996627 1.245939 0.000000 0.000000 0.000000 1.000000
0.996484 0.064200 -0.053828 -0.726840 -0.060860 0.996247 0.061551 95.550804 0.057577 -0.058059 0.996651 1.128633 0.000000 0.000000 0.000000 1.000000
0.996552 0.064251 -0.052499 -0.708764 -0.060901 0.996147 0.063103 95.558136 0.056351 -0.059688 0.996625 1.026839 0.000000 0.000000 0.000000 1.000000
0.996602 0.064319 -0.051458 -0.685491 -0.060946 0.996046 0.064629 95.565010 0.055411 -0.061274 0.996582 0.933429 0.000000 0.000000 0.000000 1.000000
0.996602 0.064399 -0.051360 -0.654209 -0.060967 0.995969 0.065800 95.574493 0.055390 -0.062445 0.996510 0.847813 0.000000 0.000000 0.000000 1.000000
0.996548 0.063459 -0.053521 -0.606041 -0.059854 0.995991 0.066474 95.588982 0.057524 -0.063041 0.996352 0.779681 0.000000 0.000000 0.000000 1.000000
0.996455 0.060658 -0.058295 -0.541450 -0.056742 0.996162 0.066641 95.608040 0.062114 -0.063097 0.996073 0.727970 0.000000 0.000000 0.000000 1.000000
0.996316 0.057613 -0.063525 -0.485153 -0.053376 0.996358 0.066496 95.627350 0.067125 -0.062861 0.995762 0.658789 0.000000 0.000000 0.000000 1.000000
0.996192 0.056362 -0.066525 -0.461311 -0.051939 0.996437 0.066449 95.641441 0.070033 -0.062740 0.995570 0.541487 0.000000 0.000000 0.000000 1.000000
0.996161 0.056428 -0.066922 -0.465571 -0.051975 0.996432 0.066502 95.648811 0.070436 -0.062768 0.995540 0.389069 0.000000 0.000000 0.000000 1.000000
0.996252 0.056096 -0.065842 -0.483672 -0.051710 0.996443 0.066533 95.647499 0.069340 -0.062879 0.995609 0.226591 0.000000 0.000000 0.000000 1.000000
0.996408 0.055158 -0.064255 -0.506869 -0.050892 0.996505 0.066241 95.661713 0.067684 -0.062733 0.995733 0.060019 0.000000 0.000000 0.000000 1.000000
0.996561 0.054084 -0.062775 -0.532622 -0.050015 0.996652 0.064678 95.690315 0.066063 -0.061316 0.995930 -0.120397 0.000000 0.000000 0.000000 1.000000
0.996671 0.053248 -0.061733 -0.555682 -0.049451 0.996882 0.061482 95.724098 0.064814 -0.058225 0.996197 -0.315662 0.000000 0.000000 0.000000 1.000000
0.996758 0.052464 -0.060999 -0.570896 -0.049007 0.997179 0.056858 95.751823 0.063809 -0.053685 0.996517 -0.515836 0.000000 0.000000 0.000000 1.000000
0.996868 0.051520 -0.060006 -0.577270 -0.048475 0.997514 0.051146 95.770500 0.062491 -0.048077 0.996887 -0.711250 0.000000 0.000000 0.000000 1.000000
0.997020 0.050596 -0.058232 -0.579358 -0.048029 0.997847 0.044659 95.786415 0.060367 -0.041729 0.997304 -0.896503 0.000000 0.000000 0.000000 1.000000
0.997202 0.049974 -0.055602 -0.585356 -0.047906 0.998131 0.037930 95.803558 0.057394 -0.035160 0.997732 -1.065086 0.000000 0.000000 0.000000 1.000000
0.997387 0.049748 -0.052392 -0.602331 -0.048134 0.998340 0.031632 95.817619 0.053878 -0.029027 0.998126 -1.207909 0.000000 0.000000 0.000000 1.000000
0.997562 0.049813 -0.048877 -0.634662 -0.048570 0.998474 0.026285 95.825981 0.050111 -0.023847 0.998459 -1.318590 0.000000 0.000000 0.000000 1.000000
0.997724 0.050100 -0.045128 -0.683681 -0.049143 0.998548 0.022059 95.830322 0.046167 -0.019791 0.998738 -1.397014 0.000000 0.000000 0.000000 1.000000
0.997850 0.050891 -0.041302 -0.747289 -0.050155 0.998567 0.018644 95.841301 0.042192 -0.016533 0.998973 -1.448815 0.000000 0.000000 0.000000 1.000000
0.997903 0.052389 -0.038021 -0.820671 -0.051836 0.998537 0.015392 95.852623 0.038772 -0.013389 0.999158 -1.477479 0.000000 0.000000 0.000000 1.000000
0.997850 0.054904 -0.035786 -0.893342 -0.054510 0.998443 0.011875 95.863365 0.036382 -0.009899 0.999289 -1.470040 0.000000 0.000000 0.000000 1.000000
0.997753 0.057738 -0.033983 -0.960202 -0.057489 0.998312 0.008260 95.850174 0.034402 -0.006288 0.999388 -1.402288 0.000000 0.000000 0.000000 1.000000
0.997713 0.059979 -0.031160 -1.024203 -0.059840 0.998193 0.005384 95.799706 0.031426 -0.003507 0.999500 -1.258915 0.000000 0.000000 0.000000 1.000000
0.997761 0.061427 -0.026464 -1.085583 -0.061342 0.998109 0.004024 95.730812 0.026661 -0.002392 0.999642 -1.054461 0.000000 0.000000 0.000000 1.000000
0.997860 0.062204 -0.020135 -1.137614 -0.062141 0.998060 0.003732 95.690147 0.020328 -0.002473 0.999790 -0.830042 0.000000 0.000000 0.000000 1.000000
0.997982 0.062293 -0.012314 -1.173099 -0.062254 0.998054 0.003494 95.701950 0.012507 -0.002720 0.999918 -0.622109 0.000000 0.000000 0.000000 1.000000
0.998102 0.061510 -0.002853 -1.193157 -0.061501 0.998101 0.003353 95.742363 0.003054 -0.003171 0.999990 -0.436421 0.000000 0.000000 0.000000 1.000000
0.998179 0.059882 0.007251 -1.207316 -0.059916 0.998193 0.004494 95.766678 -0.006969 -0.004921 0.999964 -0.253202 0.000000 0.000000 0.000000 1.000000
0.998194 0.057983 0.015716 -1.225618 -0.058109 0.998281 0.007686 95.753891 -0.015243 -0.008586 0.999847 -0.055792 0.000000 0.000000 0.000000 1.000000
0.998184 0.056610 0.020590 -1.252565 -0.056871 0.998306 0.012316 95.720833 -0.019858 -0.013465 0.999712 0.148784 0.000000 0.000000 0.000000 1.000000
0.998188 0.056227 0.021427 -1.288132 -0.056600 0.998249 0.017206 95.697861 -0.020422 -0.018387 0.999622 0.336870 0.000000 0.000000 0.000000 1.000000
0.998203 0.056804 0.019104 -1.329704 -0.057215 0.998126 0.021719 95.696838 -0.017835 -0.022773 0.999582 0.487704 0.000000 0.000000 0.000000 1.000000
0.998214 0.057825 0.014983 -1.370473 -0.058199 0.997970 0.025865 95.706429 -0.013457 -0.026691 0.999553 0.595604 0.000000 0.000000 0.000000 1.000000
0.998235 0.058508 0.010175 -1.400478 -0.058789 0.997823 0.029887 95.711723 -0.008404 -0.030432 0.999502 0.668208 0.000000 0.000000 0.000000 1.000000
0.998283 0.058349 0.005229 -1.411533 -0.058493 0.997712 0.033896 95.709648 -0.003239 -0.034143 0.999412 0.714007 0.000000 0.000000 0.000000 1.000000
0.998346 0.057484 0.000159 -1.400025 -0.057449 0.997638 0.037665 95.706131 0.002007 -0.037611 0.999290 0.733688 0.000000 0.000000 0.000000 1.000000
0.998394 0.056417 -0.005140 -1.369340 -0.056162 0.997592 0.040695 95.705765 0.007423 -0.040341 0.999158 0.724523 0.000000 0.000000 0.000000 1.000000
0.998408 0.055440 -0.010370 -1.331610 -0.054950 0.997577 0.042677 95.707504 0.012710 -0.042039 0.999035 0.687733 0.000000 0.000000 0.000000 1.000000
0.998396 0.054605 -0.014972 -1.301420 -0.053902 0.997580 0.043908 95.706696 0.017333 -0.043031 0.998923 0.628922 0.000000 0.000000 0.000000 1.000000
0.998353 0.054105 -0.019085 -1.284307 -0.053201 0.997568 0.045030 95.698280 0.021475 -0.043940 0.998803 0.556702 0.000000 0.000000 0.000000 1.000000
0.998246 0.054192 -0.023816 -1.274661 -0.053049 0.997519 0.046275 95.683464 0.026265 -0.044931 0.998645 0.483268 0.000000 0.000000 0.000000 1.000000
0.998069 0.054615 -0.029580 -1.265814 -0.053177 0.997459 0.047403 95.670990 0.032094 -0.045738 0.998438 0.419385 0.000000 0.000000 0.000000 1.000000
0.997890 0.054856 -0.034724 -1.255963 -0.053143 0.997409 0.048479 95.666046 0.037294 -0.046531 0.998220 0.367004 0.000000 0.000000 0.000000 1.000000
0.997820 0.054472 -0.037256 -1.242392 -0.052574 0.997357 0.050150 95.661835 0.039889 -0.048082 0.998047 0.323524 0.000000 0.000000 0.000000 1.000000
0.997867 0.053509 -0.037401 -1.218303 -0.051498 0.997275 0.052824 95.650322 0.040126 -0.050786 0.997903 0.290349 0.000000 0.000000 0.000000 1.000000
0.997946 0.052223 -0.037113 -1.179437 -0.050108 0.997184 0.055803 95.637871 0.039923 -0.053829 0.997752 0.268430 0.000000 0.000000 0.000000 1.000000
0.997997 0.050895 -0.037575 -1.129614 -0.048686 0.997157 0.057511 95.639282 0.040395 -0.055566 0.997638 0.250536 0.000000 0.000000 0.000000 1.000000
0.998017 0.049875 -0.038396 -1.077054 -0.047652 0.997249 0.056780 95.656219 0.041122 -0.054838 0.997648 0.230455 0.000000 0.000000 0.000000 1.000000
0.998021 0.049389 -0.038917 -1.028166 -0.047252 0.997421 0.054029 95.672043 0.041485 -0.052083 0.997781 0.215718 0.000000 0.000000 0.000000 1.000000
0.998013 0.049331 -0.039197 -0.985294 -0.047310 0.997581 0.050923 95.670975 0.041615 -0.048967 0.997933 0.220041 0.000000 0.000000 0.000000 1.000000
0.997988 0.049467 -0.039668 -0.947955 -0.047511 0.997677 0.048819 95.655205 0.041990 -0.046836 0.998020 0.245641 0.000000 0.000000 0.000000 1.000000
0.997942 0.049700 -0.040511 -0.915097 -0.047740 0.997706 0.047994 95.639435 0.042803 -0.045961 0.998026 0.280645 0.000000 0.000000 0.000000 1.000000
0.997881 0.050007 -0.041637 -0.885665 -0.047988 0.997686 0.048162 95.633965 0.043949 -0.046061 0.997971 0.312226 0.000000 0.000000 0.000000 1.000000
0.997806 0.050304 -0.043042 -0.858248 -0.048184 0.997638 0.048963 95.636879 0.045403 -0.046781 0.997873 0.337100 0.000000 0.000000 0.000000 1.000000
0.997707 0.050556 -0.044989 -0.831361 -0.048297 0.997583 0.049965 95.641006 0.047406 -0.047678 0.997737 0.359159 0.000000 0.000000 0.000000 1.000000
0.997561 0.050883 -0.047782 -0.804476 -0.048448 0.997533 0.050800 95.642204 0.050249 -0.048361 0.997565 0.381788 0.000000 0.000000 0.000000 1.000000
0.997354 0.051430 -0.051383 -0.777909 -0.048786 0.997484 0.051444 95.641052 0.053899 -0.048801 0.997353 0.404185 0.000000 0.000000 0.000000 1.000000
0.997102 0.052191 -0.055357 -0.751782 -0.049313 0.997422 0.052133 95.639954 0.057935 -0.049252 0.997105 0.422275 0.000000 0.000000 0.000000 1.000000
0.996836 0.053052 -0.059185 -0.725700 -0.049930 0.997344 0.053025 95.640671 0.061841 -0.049903 0.996838 0.431692 0.000000 0.000000 0.000000 1.000000
0.996584 0.053925 -0.062556 -0.698663 -0.050566 0.997255 0.054085 95.642868 0.065301 -0.050737 0.996575 0.430144 0.000000 0.000000 0.000000 1.000000
0.996352 0.054769 -0.065445 -0.668521 -0.051189 0.997164 0.055174 95.644539 0.068281 -0.051623 0.996330 0.418097 0.000000 0.000000 0.000000 1.000000
