<?xml version="1.0" encoding="utf-8"?>
<COLLADA xmlns="http://www.collada.org/2005/11/COLLADASchema" version="1.4.1">
  <asset><contributor><author>Mixamo</author><authoring_tool>COLLADA Mixamo exporter</authoring_tool><comments></comments></contributor><created>2021-05-28T06:21:36Z</created><modified>2021-05-28T06:21:36Z</modified><revision></revision><title></title><unit meter="0.010000"/><up_axis>Y_UP</up_axis></asset>
  <library_animations>
    <animation id="Hips-anim" name="Hips"><source id="Hips-Matrix-animation-input"><float_array id="Hips-Matrix-animation-input-array" count="50">

0.000000 0.033333 0.066667 0.100000 0.133333 0.166667 0.200000 0.233333 0.266667 0.300000 0.333333 0.366667 0.400000 0.433333 0.466667 0.500000
0.533333 0.566667 0.600000 0.633333 0.666667 0.700000 0.733333 0.766667 0.800000 0.833333 0.866667 0.900000 0.933333 0.966667 1.000000 1.033333
1.066667 1.100000 1.133333 1.166667 1.200000 1.233333 1.266667 1.300000 1.333333 1.366667 1.400000 1.433333 1.466667 1.500000 1.533333 1.566667
1.600000 1.633333</float_array><technique_common><accessor source="#Hips-Matrix-animation-input-array" count="50"><param name="TIME" type="float"/></accessor></technique_common></source><source id="Hips-Matrix-animation-output-transform"><float_array id="Hips-Matrix-animation-output-transform-array" count="800">

0.994021 0.060193 -0.091098 0.025194 -0.054362 0.996391 0.065193 95.578407 0.094694 -0.059850 0.993706 0.011883 0.000000 0.000000 0.000000 1.000000
0.994026 0.060105 -0.091106 0.030570 -0.054368 0.996455 0.064198 95.587616 0.094642 -0.058861 0.993770 0.020036 0.000000 0.000000 0.000000 1.000000
0.994049 0.059996 -0.090926 0.034454 -0.054375 0.996526 0.063085 95.604446 0.094395 -0.057766 0.993857 0.015154 0.000000 0.000000 0.000000 1.000000
0.994099 0.059931 -0.090416 0.035569 -0.054441 0.996589 0.062016 95.625252 0.093824 -0.056728 0.993971 -0.004323 0.000000 0.000000 0.000000 1.000000
0.994182 0.059947 -0.089493 0.033431 -0.054578 0.996627 0.061284 95.641754 0.092865 -0.056044 0.994100 -0.034804 0.000000 0.000000 0.000000 1.000000
0.994304 0.059882 -0.088171 0.029287 -0.054593 0.996630 0.061226 95.648338 0.091540 -0.056064 0.994222 -0.070538 0.000000 0.000000 0.000000 1.000000
0.994461 0.059632 -0.086554 0.025243 -0.054361 0.996593 0.062030 95.644714 0.089958 -0.056981 0.994314 -0.110191 0.000000 0.000000 0.000000 1.000000
0.994652 0.059182 -0.084643 0.022887 -0.053873 0.996514 0.063693 95.635376 0.088117 -0.058793 0.994374 -0.157896 0.000000 0.000000 0.000000 1.000000
0.994888 0.058559 -0.082275 0.022774 -0.053177 0.996391 0.066157 95.625259 0.085852 -0.061444 0.994411 -0.217428 0.000000 0.000000 0.000000 1.000000
0.995175 0.057736 -0.079330 0.024737 -0.052280 0.996231 0.069210 95.615234 0.083027 -0.064728 0.994443 -0.288067 0.000000 0.000000 0.000000 1.000000
0.995506 0.056695 -0.075857 0.028518 -0.051225 0.996074 0.072204 95.603355 0.079653 -0.067994 0.994501 -0.367547 0.000000 0.000000 0.000000 1.000000
0.995857 0.055404 -0.072102 0.032913 -0.050047 0.995995 0.074094 95.586487 0.075918 -0.070178 0.994641 -0.457914 0.000000 0.000000 0.000000 1.000000
0.996198 0.053930 -0.068424 0.035956 -0.048853 0.996074 0.073831 95.570404 0.072137 -0.070207 0.994921 -0.563263 0.000000 0.000000 0.000000 1.000000
0.996498 0.052521 -0.065069 0.036394 -0.047886 0.996337 0.070842 95.565155 0.068551 -0.067478 0.995363 -0.681385 0.000000 0.000000 0.000000 1.000000
0.996746 0.051462 -0.062046 0.034064 -0.047385 0.996728 0.065482 95.577660 0.065213 -0.062329 0.995923 -0.798642 0.000000 0.000000 0.000000 1.000000
0.996948 0.050853 -0.059236 0.028601 -0.047356 0.997133 0.059016 95.604713 0.062068 -0.056030 0.996498 -0.895062 0.000000 0.000000 0.000000 1.000000
0.997115 0.050618 -0.056563 0.019502 -0.047633 0.997461 0.052931 95.637619 0.059098 -0.050085 0.996995 -0.955985 0.000000 0.000000 0.000000 1.000000
0.997260 0.050491 -0.054074 0.006253 -0.047896 0.997686 0.048248 95.651184 0.056385 -0.045526 0.997371 -0.980705 0.000000 0.000000 0.000000 1.000000
0.997378 0.050467 -0.051867 -0.009414 -0.048128 0.997809 0.045399 95.646851 0.054044 -0.042784 0.997622 -0.974952 0.000000 0.000000 0.000000 1.000000
0.997473 0.050450 -0.050018 -0.026359 -0.048239 0.997845 0.044475 95.639023 0.052154 -0.041950 0.997758 -0.942765 0.000000 0.000000 0.000000 1.000000
0.997544 0.050470 -0.048562 -0.042750 -0.048274 0.997802 0.045388 95.639977 0.050746 -0.042932 0.997788 -0.883593 0.000000 0.000000 0.000000 1.000000
0.997593 0.050543 -0.047482 -0.056123 -0.048272 0.997689 0.047811 95.647415 0.049789 -0.045403 0.997727 -0.797953 0.000000 0.000000 0.000000 1.000000
0.997630 0.050532 -0.046708 -0.066609 -0.048130 0.997529 0.051186 95.645050 0.049179 -0.048816 0.997596 -0.693026 0.000000 0.000000 0.000000 1.000000
0.997654 0.050529 -0.046182 -0.076054 -0.047970 0.997337 0.054937 95.629677 0.048834 -0.052593 0.997421 -0.578416 0.000000 0.000000 0.000000 1.000000
0.997663 0.050592 -0.045918 -0.086264 -0.047864 0.997128 0.058695 95.609436 0.048756 -0.056360 0.997219 -0.460830 0.000000 0.000000 0.000000 1.000000
0.997654 0.050727 -0.045966 -0.096449 -0.047819 0.996912 0.062280 95.594620 0.048983 -0.059936 0.997000 -0.343818 0.000000 0.000000 0.000000 1.000000
0.997623 0.050984 -0.046348 -0.104363 -0.047892 0.996700 0.065536 95.586906 0.049537 -0.063161 0.996773 -0.232519 0.000000 0.000000 0.000000 1.000000
0.997566 0.051417 -0.047089 -0.108700 -0.048139 0.996503 0.068290 95.577736 0.050436 -0.065857 0.996554 -0.134291 0.000000 0.000000 0.000000 1.000000
0.997484 0.051941 -0.048242 -0.109357 -0.048471 0.996332 0.070519 95.568024 0.051728 -0.068003 0.996343 -0.052773 0.000000 0.000000 0.000000 1.000000
0.997380 0.052460 -0.049812 -0.107732 -0.048784 0.996185 0.072357 95.558121 0.053418 -0.069737 0.996134 0.012786 0.000000 0.000000 0.000000 1.000000
0.997258 0.052941 -0.051712 -0.106029 -0.049046 0.996060 0.073884 95.550484 0.055419 -0.071145 0.995925 0.064163 0.000000 0.000000 0.000000 1.000000
0.997117 0.053434 -0.053871 -0.105149 -0.049318 0.995961 0.075029 95.546196 0.057662 -0.072156 0.995725 0.101907 0.000000 0.000000 0.000000 1.000000
0.996953 0.053987 -0.056302 -0.104271 -0.049654 0.995893 0.075708 95.544312 0.060158 -0.072682 0.995539 0.126197 0.000000 0.000000 0.000000 1.000000
0.996764 0.054586 -0.059007 -0.102303 -0.050040 0.995855 0.075959 95.543495 0.062909 -0.072761 0.995363 0.138765 0.000000 0.000000 0.000000 1.000000
0.996556 0.055170 -0.061912 -0.098756 -0.050416 0.995841 0.075888 95.542702 0.065841 -0.072505 0.995192 0.142945 0.000000 0.000000 0.000000 1.000000
0.996338 0.055679 -0.064886 -0.093544 -0.050731 0.995849 0.075567 95.541855 0.068824 -0.071999 0.995027 0.141472 0.000000 0.000000 0.000000 1.000000
0.996119 0.056097 -0.067824 -0.086791 -0.050976 0.995879 0.075013 95.541946 0.071753 -0.071264 0.994873 0.135450 0.000000 0.000000 0.000000 1.000000
0.995898 0.056465 -0.070698 -0.079290 -0.051198 0.995926 0.074225 95.543777 0.074601 -0.070301 0.994732 0.125222 0.000000 0.000000 0.000000 1.000000
0.995673 0.056851 -0.073503 -0.072613 -0.051464 0.995987 0.073219 95.546806 0.077371 -0.069120 0.994604 0.111794 0.000000 0.000000 0.000000 1.000000
0.995446 0.057262 -0.076213 -0.067665 -0.051779 0.996055 0.072068 95.550125 0.080039 -0.067794 0.994484 0.097729 0.000000 0.000000 0.000000 1.000000
0.995224 0.057633 -0.078795 -0.062309 -0.052070 0.996123 0.070912 95.553879 0.082576 -0.066470 0.994366 0.085648 0.000000 0.000000 0.000000 1.000000
0.995011 0.057913 -0.081240 -0.052881 -0.052277 0.996186 0.069866 95.558319 0.084976 -0.065270 0.994243 0.076010 0.000000 0.000000 0.000000 1.000000
0.994811 0.058152 -0.083489 -0.040106 -0.052453 0.996244 0.068900 95.562691 0.087182 -0.064163 0.994124 0.067338 0.000000 0.000000 0.000000 1.000000
0.994629 0.058421 -0.085443 -0.028137 -0.052681 0.996297 0.067955 95.566139 0.089096 -0.063089 0.994023 0.058019 0.000000 0.000000 0.000000 1.000000
0.994471 0.058703 -0.087073 -0.018455 -0.052940 0.996342 0.067080 95.568672 0.090692 -0.062100 0.993941 0.048094 0.000000 0.000000 0.000000 1.000000
0.994336 0.058965 -0.088424 -0.009504 -0.053185 0.996377 0.066357 95.570717 0.092017 -0.061278 0.993870 0.039403 0.000000 0.000000 0.000000 1.000000
0.994221 0.059231 -0.089529 -0.000009 -0.053434 0.996400 0.065818 95.572495 0.093105 -0.060654 0.993807 0.032962 0.000000 0.000000 0.000000 1.000000
0.994128 0.059536 -0.090357 0.009596 -0.053724 0.996409 0.065446 95.573792 0.093929 -0.060207 0.993757 0.027077 0.000000 0.000000 0.000000 1.000000
0.994062 0.059856 -0.090869 0.018171 -0.054034 0.996406 0.065233 95.575287 0.094447 -0.059935 0.993724 0.019960 0.000000 0.000000 0.000000 1.000000
0.994026 0.060131 -0.091084 0.025208 -0.054297 0.996392 0.065233 95.578423 0.094677 -0.059898 0.993704 0.011886 0.000000 0.000000 0.000000 1.000000</float_array><technique_common><accessor source="#Hips-Matrix-animation-output-transform-array" count="50" stride="16"><param type="float4x4"/></accessor></technique_common></source><source id="Hips-Interpolations"><Name_array id="Hips-Interpolations-array" count="50">
 LINEAR LINEAR LINEAR LINEAR LINEAR LINEAR LINEAR LINEAR LINEAR LINEAR LINEAR
LINEAR LINEAR LINEAR LINEAR LINEAR LINEAR LINEAR LINEAR LINEAR LINEAR LINEAR LINEAR
LINEAR LINEAR LINEAR LINEAR LINEAR LINEAR LINEAR LINEAR LINEAR LINEAR LINEAR LINEAR
LINEAR LINEAR LINEAR LINEAR LINEAR LINEAR LINEAR LINEAR LINEAR LINEAR LINEAR LINEAR
LINEAR LINEAR LINEAR</Name_array><technique_common><accessor source="#Hips-Interpolations-array" count="50"><param type="name"/></accessor></technique_common></source><sampler id="Hips-Matrix-animation-transform"><input semantic="INPUT" source="#Hips-Matrix-animation-input"/><input semantic="OUTPUT" source="#Hips-Matrix-animation-output-transform"/><input semantic="INTERPOLATION" source="#Hips-Interpolations"/></sampler><channel source="#Hips-Matrix-animation-transform" target="Hips/matrix"/></animation>
    <animation id="Spine-anim" name="Spine"><source id="Spine-Matrix-animation-input"><float_array id="Spine-Matrix-animation-input-array" count="50">

0.000000 0.033333 0.066667 0.100000 0.133333 0.166667 0.200000 0.233333 0.266667 0.300000 0.333333 0.366667 0.400000 0.433333 0.466667 0.500000
0.533333 0.566667 0.600000 0.633333 0.666667 0.700000 0.733333 0.766667 0.800000 0.833333 0.866667 0.900000 0.933333 0.966667 1.000000 1.033333
1.066667 1.100000 1.133333 1.166667 1.200000 1.233333 1.266667 1.300000 1.333333 1.366667 1.400000 1.433333 1.466667 1.500000 1.533333 1.566667
1.600000 1.633333</float_array><technique_common><accessor source="#Spine-Matrix-animation-input-array" count="50"><param name="TIME" type="float"/></accessor></technique_common></source><source id="Spine-Matrix-animation-output-transform"><float_array id="Spine-Matrix-animation-output-transform-array" count="800">

0.998743 -0.042378 0.026751 0.000000 0.043869 0.997360 -0.057863 9.226300 -0.024229 0.058964 0.997966 1.577100 0.000000 0.000000 0.000000 1.000000
0.998743 -0.042381 0.026753 0.000000 0.043872 0.997360 -0.057863 9.226300 -0.024231 0.058964 0.997966 1.577100 0.000000 0.000000 0.000000 1.000000
0.998743 -0.042384 0.026756 0.000000 0.043876 0.997360 -0.057863 9.226300 -0.024233 0.058964 0.997966 1.577100 0.000000 0.000000 0.000000 1.000000
0.998743 -0.042383 0.026759 0.000000 0.043874 0.997360 -0.057871 9.226300 -0.024236 0.058972 0.997965 1.577100 0.000000 0.000000 0.000000 1.000000
0.998744 -0.042365 0.026761 0.000000 0.043858 0.997359 -0.057900 9.226300 -0.024238 0.059001 0.997964 1.577100 0.000000 0.000000 0.000000 1.000000
0.998745 -0.042345 0.026762 0.000000 0.043839 0.997358 -0.057926 9.226300 -0.024239 0.059026 0.997962 1.577100 0.000000 0.000000 0.000000 1.000000
0.998746 -0.042320 0.026762 0.000000 0.043814 0.997359 -0.057926 9.226300 -0.024240 0.059026 0.997962 1.577100 0.000000 0.000000 0.000000 1.000000
0.998745 -0.042286 0.026827 0.000000 0.043782 0.997364 -0.057858 9.226300 -0.024310 0.058960 0.997964 1.577100 0.000000 0.000000 0.000000 1.000000
0.998742 -0.042244 0.027007 0.000000 0.043747 0.997374 -0.057722 9.226300 -0.024498 0.058831 0.997967 1.577100 0.000000 0.000000 0.000000 1.000000
0.998741 -0.042159 0.027178 0.000000 0.043672 0.997379 -0.057684 9.226300 -0.024675 0.058799 0.997965 1.577100 0.000000 0.000000 0.000000 1.000000
0.998742 -0.042049 0.027318 0.000000 0.043579 0.997362 -0.058059 9.226300 -0.024804 0.059176 0.997939 1.577100 0.000000 0.000000 0.000000 1.000000
0.998740 -0.042005 0.027460 0.000000 0.043569 0.997302 -0.059078 9.226300 -0.024904 0.060200 0.997876 1.577100 0.000000 0.000000 0.000000 1.000000
0.998727 -0.042182 0.027649 -0.000000 0.043795 0.997203 -0.060563 9.226300 -0.025017 0.061696 0.997781 1.577100 0.000000 0.000000 0.000000 1.000000
0.998710 -0.042449 0.027862 0.000000 0.044110 0.997103 -0.061962 9.226300 -0.025151 0.063111 0.997690 1.577100 0.000000 0.000000 0.000000 1.000000
0.998695 -0.042704 0.028012 -0.000000 0.044393 0.997044 -0.062713 9.226300 -0.025251 0.063875 0.997638 1.577100 0.000000 0.000000 0.000000 1.000000
0.998683 -0.042927 0.028093 0.000000 0.044620 0.997036 -0.062682 9.226300 -0.025319 0.063853 0.997638 1.577100 0.000000 0.000000 0.000000 1.000000
0.998671 -0.043179 0.028149 0.000000 0.044864 0.997052 -0.062242 9.226300 -0.025379 0.063422 0.997664 1.577100 0.000000 0.000000 0.000000 1.000000
0.998665 -0.043276 0.028194 -0.000000 0.044954 0.997071 -0.061881 9.226300 -0.025433 0.063065 0.997685 1.577100 0.000000 0.000000 0.000000 1.000000
0.998661 -0.043337 0.028238 -0.000000 0.045015 0.997074 -0.061778 9.226300 -0.025478 0.062966 0.997690 1.577100 0.000000 0.000000 0.000000 1.000000
0.998659 -0.043371 0.028268 0.000000 0.045051 0.997072 -0.061786 9.226300 -0.025506 0.062977 0.997689 1.577100 0.000000 0.000000 0.000000 1.000000
0.998660 -0.043331 0.028295 0.000000 0.045013 0.997073 -0.061805 9.226300 -0.025535 0.062996 0.997687 1.577100 0.000000 0.000000 0.000000 1.000000
0.998666 -0.043171 0.028339 0.000000 0.044855 0.997084 -0.061739 9.226300 -0.025591 0.062927 0.997690 1.577100 0.000000 0.000000 0.000000 1.000000
0.998676 -0.042868 0.028427 0.000000 0.044553 0.997109 -0.061558 9.226300 -0.025706 0.062743 0.997699 1.577100 0.000000 0.000000 0.000000 1.000000
0.998685 -0.042553 0.028589 -0.000000 0.044243 0.997136 -0.061331 9.226300 -0.025897 0.062515 0.997708 1.577100 0.000000 0.000000 0.000000 1.000000
0.998693 -0.042310 0.028669 0.000000 0.043998 0.997165 -0.061041 9.226300 -0.026006 0.062222 0.997723 1.577100 0.000000 0.000000 0.000000 1.000000
0.998699 -0.042160 0.028681 0.000000 0.043838 0.997198 -0.060622 9.226300 -0.026045 0.061801 0.997749 1.577100 0.000000 0.000000 0.000000 1.000000
0.998704 -0.042065 0.028654 0.000000 0.043726 0.997237 -0.060048 9.226300 -0.026049 0.061223 0.997784 1.577100 0.000000 0.000000 0.000000 1.000000
0.998708 -0.041998 0.028602 0.000000 0.043639 0.997281 -0.059382 9.226300 -0.026030 0.060553 0.997826 1.577100 0.000000 0.000000 0.000000 1.000000
0.998713 -0.041961 0.028498 0.000000 0.043579 0.997321 -0.058750 9.226300 -0.025956 0.059916 0.997866 1.577100 0.000000 0.000000 0.000000 1.000000
0.998718 -0.041935 0.028360 0.000000 0.043532 0.997352 -0.058252 9.226300 -0.025842 0.059412 0.997899 1.577100 0.000000 0.000000 0.000000 1.000000
0.998723 -0.041921 0.028189 -0.000000 0.043498 0.997375 -0.057890 9.226300 -0.025688 0.059042 0.997925 1.577100 0.000000 0.000000 0.000000 1.000000
0.998728 -0.041923 0.028002 0.000000 0.043482 0.997393 -0.057598 9.226300 -0.025514 0.058742 0.997947 1.577100 0.000000 0.000000 0.000000 1.000000
0.998733 -0.041938 0.027809 0.000000 0.043479 0.997408 -0.057337 9.226300 -0.025333 0.058474 0.997967 1.577100 0.000000 0.000000 0.000000 1.000000
0.998737 -0.041960 0.027624 -0.000000 0.043485 0.997420 -0.057120 9.226300 -0.025156 0.058249 0.997985 1.577100 0.000000 0.000000 0.000000 1.000000
0.998741 -0.041985 0.027448 0.000000 0.043496 0.997428 -0.056972 9.226300 -0.024985 0.058094 0.997998 1.577100 0.000000 0.000000 0.000000 1.000000
0.998745 -0.042011 0.027270 0.000000 0.043509 0.997431 -0.056914 9.226300 -0.024808 0.058029 0.998007 1.577100 0.000000 0.000000 0.000000 1.000000
0.998749 -0.042040 0.027087 0.000000 0.043527 0.997432 -0.056877 9.226300 -0.024626 0.057985 0.998014 1.577100 0.000000 0.000000 0.000000 1.000000
0.998751 -0.042093 0.026917 -0.000000 0.043570 0.997431 -0.056861 9.226300 -0.024455 0.057962 0.998019 1.577100 0.000000 0.000000 0.000000 1.000000
0.998750 -0.042198 0.026784 -0.000000 0.043667 0.997427 -0.056861 9.226300 -0.024316 0.057959 0.998023 1.577100 0.000000 0.000000 0.000000 1.000000
0.998747 -0.042310 0.026740 -0.000000 0.043776 0.997421 -0.056875 9.226300 -0.024265 0.057975 0.998023 1.577100 0.000000 0.000000 0.000000 1.000000
0.998745 -0.042347 0.026742 -0.000000 0.043814 0.997418 -0.056902 9.226300 -0.024263 0.058002 0.998022 1.577100 0.000000 0.000000 0.000000 1.000000
0.998744 -0.042380 0.026743 0.000000 0.043848 0.997414 -0.056939 9.226300 -0.024261 0.058041 0.998019 1.577100 0.000000 0.000000 0.000000 1.000000
0.998743 -0.042403 0.026744 0.000000 0.043873 0.997411 -0.056985 9.226300 -0.024259 0.058087 0.998017 1.577100 0.000000 0.000000 0.000000 1.000000
0.998742 -0.042420 0.026746 -0.000000 0.043891 0.997405 -0.057064 9.226300 -0.024256 0.058167 0.998012 1.577100 0.000000 0.000000 0.000000 1.000000
0.998741 -0.042433 0.026748 0.000000 0.043907 0.997397 -0.057192 9.226300 -0.024251 0.058294 0.998005 1.577100 0.000000 0.000000 0.000000 1.000000
0.998741 -0.042444 0.026749 0.000000 0.043922 0.997389 -0.057324 9.226300 -0.024246 0.058427 0.997997 1.577100 0.000000 0.000000 0.000000 1.000000
0.998740 -0.042456 0.026750 0.000000 0.043935 0.997385 -0.057383 9.226300 -0.024244 0.058486 0.997994 1.577100 0.000000 0.000000 0.000000 1.000000
0.998740 -0.042471 0.026751 0.000000 0.043950 0.997384 -0.057383 9.226300 -0.024244 0.058486 0.997994 1.577100 0.000000 0.000000 0.000000 1.000000
0.998739 -0.042488 0.026752 0.000000 0.043967 0.997384 -0.057383 9.226300 -0.024244 0.058486 0.997994 1.577100 0.000000 0.000000 0.000000 1.000000
0.998738 -0.042506 0.026752 0.000000 0.043986 0.997383 -0.057382 9.226300 -0.024243 0.058486 0.997994 1.577100 0.000000 0.000000 0.000000 1.000000</float_array><technique_common><accessor source="#Spine-Matrix-animation-output-transform-array" count="50" stride="16"><param type="float4x4"/></accessor></technique_common></source><source id="Spine-Interpolations"><Name_array id="Spine-Interpolations-array" count="50">
 LINEAR LINEAR LINEAR LINEAR LINEAR LINEAR LINEAR LINEAR LINEAR LINEAR LINEAR
LINEAR LINEAR LINEAR LINEAR LINEAR LINEAR LINEAR LINEAR LINEAR LINEAR LINEAR LINEAR
LINEAR LINEAR LINEAR LINEAR LINEAR LINEAR LINEAR LINEAR LINEAR LINEAR LINEAR LINEAR
LINEAR LINEAR LINEAR LINEAR LINEAR LINEAR LINEAR LINEAR LINEAR LINEAR LINEAR LINEAR
LINEAR LINEAR LINEAR</Name_array><technique_common><accessor source="#Spine-Interpolations-array" count="50"><param type="name"/></accessor></technique_common></source><sampler id="Spine-Matrix-animation-transform"><input semantic="INPUT" source="#Spine-Matrix-animation-input"/><input semantic="OUTPUT" source="#Spine-Matrix-animation-output-transform"/><input semantic="INTERPOLATION" source="#Spine-Interpolations"/></sampler><channel source="#Spine-Matrix-animation-transform" target="Spine/matrix"/></animation>
    <animation id="Spine1-anim" name="Spine1"><source id="Spine1-Matrix-animation-input"><float_array id="Spine1-Matrix-animation-input-array" count="50">

0.000000 0.033333 0.066667 0.100000 0.133333 0.166667 0.200000 0.233333 0.266667 0.300000 0.333333 0.366667 0.400000 0.433333 0.466667 0.500000
0.533333 0.566667 0.600000 0.633333 0.666667 0.700000 0.733333 0.766667 0.800000 0.833333 0.866667 0.900000 0.933333 0.966667 1.000000 1.033333
1.066667 1.100000 1.133333 1.166667 1.200000 1.233333 1.266667 1.300000 1.333333 1.366667 1.400000 1.433333 1.466667 1.500000 1.533333 1.566667
1.600000 1.633333</float_array><technique_common><accessor source="#Spine1-Matrix-animation-input-array" count="50"><param name="TIME" type="float"/></accessor></technique_common></source><source id="Spine1-Matrix-animation-output-transform"><float_array id="Spine1-Matrix-animation-output-transform-array" count="800">

0.999617 -0.027031 0.005910 0.000000 0.027145 0.999429 -0.020103 16.254000 -0.005363 0.020255 0.999780 -0.165600 0.000000 0.000000 0.000000 1.000000
0.999617 -0.027031 0.005910 0.000000 0.027146 0.999425 -0.020306 16.254000 -0.005358 0.020459 0.999776 -0.165600 0.000000 0.000000 0.000000 1.000000
0.999617 -0.027031 0.005910 0.000000 0.027147 0.999420 -0.020581 16.254000 -0.005350 0.020733 0.999771 -0.165600 0.000000 0.000000 0.000000 1.000000
0.999617 -0.027031 0.005910 -0.000000 0.027149 0.999414 -0.020871 16.254000 -0.005342 0.021023 0.999765 -0.165600 0.000000 0.000000 0.000000 1.000000
0.999617 -0.027031 0.005910 -0.000000 0.027150 0.999409 -0.021077 16.254000 -0.005337 0.021229 0.999760 -0.165600 0.000000 0.000000 0.000000 1.000000
0.999617 -0.027031 0.005910 0.000000 0.027150 0.999409 -0.021099 16.254000 -0.005336 0.021252 0.999760 -0.165600 0.000000 0.000000 0.000000 1.000000
0.999620 -0.026930 0.005968 -0.000000 0.027050 0.999413 -0.021004 16.254000 -0.005399 0.021157 0.999762 -0.165600 0.000000 0.000000 0.000000 1.000000
0.999620 -0.026846 0.006196 0.000000 0.026969 0.999420 -0.020803 16.254000 -0.005634 0.020963 0.999764 -0.165600 0.000000 0.000000 0.000000 1.000000
0.999620 -0.026784 0.006512 0.000000 0.026913 0.999427 -0.020550 16.254000 -0.005957 0.020718 0.999768 -0.165600 0.000000 0.000000 0.000000 1.000000
0.999619 -0.026743 0.006819 0.000000 0.026877 0.999430 -0.020410 16.254000 -0.006269 0.020585 0.999768 -0.165600 0.000000 0.000000 0.000000 1.000000
0.999617 -0.026767 0.007067 -0.000000 0.026909 0.999422 -0.020778 16.254000 -0.006507 0.020961 0.999759 -0.165600 0.000000 0.000000 0.000000 1.000000
0.999609 -0.026986 0.007304 0.000000 0.027140 0.999390 -0.021986 16.254000 -0.006706 0.022176 0.999732 -0.165600 0.000000 0.000000 0.000000 1.000000
0.999596 -0.027387 0.007596 -0.000000 0.027561 0.999335 -0.023878 16.254000 -0.006937 0.024078 0.999686 -0.165600 0.000000 0.000000 0.000000 1.000000
0.999581 -0.027829 0.007912 0.000000 0.028024 0.999275 -0.025774 16.254000 -0.007189 0.025985 0.999636 -0.165600 0.000000 0.000000 0.000000 1.000000
0.999570 -0.028190 0.008127 -0.000000 0.028399 0.999234 -0.026914 16.254000 -0.007362 0.027133 0.999605 -0.165600 0.000000 0.000000 0.000000 1.000000
0.999561 -0.028452 0.008216 0.000000 0.028665 0.999223 -0.027059 16.254000 -0.007440 0.027283 0.999600 -0.165600 0.000000 0.000000 0.000000 1.000000
0.999556 -0.028637 0.008285 -0.000000 0.028848 0.999229 -0.026629 16.254000 -0.007516 0.026856 0.999611 -0.165600 0.000000 0.000000 0.000000 1.000000
0.999553 -0.028710 0.008350 0.000000 0.028920 0.999238 -0.026224 16.254000 -0.007590 0.026454 0.999621 -0.165600 0.000000 0.000000 0.000000 1.000000
0.999552 -0.028722 0.008408 0.000000 0.028933 0.999240 -0.026126 16.254000 -0.007651 0.026358 0.999623 -0.165600 0.000000 0.000000 0.000000 1.000000
0.999553 -0.028684 0.008447 -0.000000 0.028896 0.999240 -0.026165 16.254000 -0.007691 0.026397 0.999622 -0.165600 0.000000 0.000000 0.000000 1.000000
0.999557 -0.028535 0.008495 -0.000000 0.028749 0.999244 -0.026180 16.254000 -0.007742 0.026413 0.999621 -0.165600 0.000000 0.000000 0.000000 1.000000
0.999563 -0.028283 0.008596 -0.000000 0.028498 0.999255 -0.026024 16.254000 -0.007854 0.026258 0.999624 -0.165600 0.000000 0.000000 0.000000 1.000000
0.999570 -0.027967 0.008829 -0.000000 0.028186 0.999272 -0.025714 16.254000 -0.008103 0.025952 0.999630 -0.165600 0.000000 0.000000 0.000000 1.000000
0.999576 -0.027644 0.009159 0.000000 0.027868 0.999291 -0.025330 16.254000 -0.008452 0.025574 0.999637 -0.165600 0.000000 0.000000 0.000000 1.000000
0.999581 -0.027355 0.009430 0.000000 0.027583 0.999310 -0.024865 16.254000 -0.008744 0.025114 0.999646 -0.165600 0.000000 0.000000 0.000000 1.000000
0.999587 -0.027123 0.009481 0.000000 0.027346 0.999332 -0.024233 16.254000 -0.008817 0.024482 0.999661 -0.165600 0.000000 0.000000 0.000000 1.000000
0.999593 -0.026943 0.009409 0.000000 0.027156 0.999357 -0.023400 16.254000 -0.008772 0.023646 0.999682 -0.165600 0.000000 0.000000 0.000000 1.000000
0.999597 -0.026825 0.009295 -0.000000 0.027028 0.999382 -0.022460 16.254000 -0.008687 0.022702 0.999705 -0.165600 0.000000 0.000000 0.000000 1.000000
0.999600 -0.026778 0.009129 0.000000 0.026970 0.999403 -0.021585 16.254000 -0.008546 0.021822 0.999725 -0.165600 0.000000 0.000000 0.000000 1.000000
0.999603 -0.026750 0.008905 -0.000000 0.026931 0.999419 -0.020901 16.254000 -0.008340 0.021132 0.999742 -0.165600 0.000000 0.000000 0.000000 1.000000
0.999605 -0.026738 0.008623 0.000000 0.026909 0.999430 -0.020403 16.254000 -0.008073 0.020627 0.999755 -0.165600 0.000000 0.000000 0.000000 1.000000
0.999608 -0.026740 0.008303 0.000000 0.026901 0.999438 -0.020008 16.254000 -0.007763 0.020223 0.999765 -0.165600 0.000000 0.000000 0.000000 1.000000
0.999610 -0.026752 0.007971 0.000000 0.026905 0.999445 -0.019665 16.254000 -0.007440 0.019872 0.999775 -0.165600 0.000000 0.000000 0.000000 1.000000
0.999612 -0.026773 0.007649 -0.000000 0.026917 0.999450 -0.019393 16.254000 -0.007126 0.019591 0.999783 -0.165600 0.000000 0.000000 0.000000 1.000000
0.999614 -0.026800 0.007340 0.000000 0.026937 0.999453 -0.019208 16.254000 -0.006822 0.019399 0.999789 -0.165600 0.000000 0.000000 0.000000 1.000000
0.999615 -0.026830 0.007027 0.000000 0.026960 0.999454 -0.019119 16.254000 -0.006510 0.019302 0.999793 -0.165600 0.000000 0.000000 0.000000 1.000000
0.999616 -0.026879 0.006707 0.000000 0.027003 0.999453 -0.019080 16.254000 -0.006191 0.019253 0.999795 -0.165600 0.000000 0.000000 0.000000 1.000000
0.999616 -0.026945 0.006406 0.000000 0.027063 0.999452 -0.019064 16.254000 -0.005889 0.019230 0.999798 -0.165600 0.000000 0.000000 0.000000 1.000000
0.999616 -0.027013 0.006153 -0.000000 0.027126 0.999450 -0.019067 16.254000 -0.005635 0.019227 0.999799 -0.165600 0.000000 0.000000 0.000000 1.000000
0.999615 -0.027101 0.005964 0.000000 0.027211 0.999448 -0.019085 16.254000 -0.005444 0.019240 0.999800 -0.165600 0.000000 0.000000 0.000000 1.000000
0.999613 -0.027203 0.005858 0.000000 0.027310 0.999444 -0.019112 16.254000 -0.005335 0.019265 0.999800 -0.165600 0.000000 0.000000 0.000000 1.000000
0.999613 -0.027203 0.005858 0.000000 0.027310 0.999443 -0.019170 16.254000 -0.005333 0.019323 0.999799 -0.165600 0.000000 0.000000 0.000000 1.000000
0.999613 -0.027203 0.005858 -0.000000 0.027311 0.999441 -0.019287 16.254000 -0.005330 0.019440 0.999797 -0.165600 0.000000 0.000000 0.000000 1.000000
0.999613 -0.027203 0.005858 0.000000 0.027312 0.999438 -0.019441 16.254000 -0.005326 0.019593 0.999794 -0.165600 0.000000 0.000000 0.000000 1.000000
0.999613 -0.027203 0.005858 0.000000 0.027313 0.999434 -0.019635 16.254000 -0.005321 0.019788 0.999790 -0.165600 0.000000 0.000000 0.000000 1.000000
0.999613 -0.027203 0.005858 0.000000 0.027314 0.999430 -0.019837 16.254000 -0.005315 0.019989 0.999786 -0.165600 0.000000 0.000000 0.000000 1.000000
0.999613 -0.027203 0.005858 0.000000 0.027315 0.999427 -0.019991 16.254000 -0.005311 0.020143 0.999783 -0.165600 0.000000 0.000000 0.000000 1.000000
0.999613 -0.027203 0.005858 0.000000 0.027315 0.999427 -0.019991 16.254000 -0.005311 0.020143 0.999783 -0.165600 0.000000 0.000000 0.000000 1.000000
0.999613 -0.027203 0.005858 0.000000 0.027315 0.999427 -0.019991 16.254000 -0.005311 0.020143 0.999783 -0.165600 0.000000 0.000000 0.000000 1.000000
0.999613 -0.027203 0.005858 0.000000 0.027315 0.999427 -0.019991 16.254000 -0.005311 0.020143 0.999783 -0.165600 0.000000 0.000000 0.000000 1.000000</float_array><technique_common><accessor source="#Spine1-Matrix-animation-output-transform-array" count="50" stride="16"><param type="float4x4"/></accessor></technique_common></source><source id="Spine1-Interpolations"><Name_array id="Spine1-Interpolations-array" count="50">
 LINEAR LINEAR LINEAR LINEAR LINEAR LINEAR LINEAR LINEAR LINEAR LINEAR LINEAR
LINEAR LINEAR LINEAR LINEAR LINEAR LINEAR LINEAR LINEAR LINEAR LINEAR LINEAR LINEAR
LINEAR LINEAR LINEAR LINEAR LINEAR LINEAR LINEAR LINEAR LINEAR LINEAR LINEAR LINEAR
LINEAR LINEAR LINEAR LINEAR LINEAR LINEAR LINEAR LINEAR LINEAR LINEAR LINEAR LINEAR
LINEAR LINEAR LINEAR</Name_array><technique_common><accessor source="#Spine1-Interpolations-array" count="50"><param type="name"/></accessor></technique_common></source><sampler id="Spine1-Matrix-animation-transform"><input semantic="INPUT" source="#Spine1-Matrix-animation-input"/><input semantic="OUTPUT" source="#Spine1-Matrix-animation-output-transform"/><input semantic="INTERPOLATION" source="#Spine1-Interpolations"/></sampler><channel source="#Spine1-Matrix-animation-transform" target="Spine1/matrix"/></animation>
    <animation id="Spine2-anim" name="Spine2"><source id="Spine2-Matrix-animation-input"><float_array id="Spine2-Matrix-animation-input-array" count="50">

0.000000 0.033333 0.066667 0.100000 0.133333 0.166667 0.200000 0.233333 0.266667 0.300000 0.333333 0.366667 0.400000 0.433333 0.466667 0.500000
0.533333 0.566667 0.600000 0.633333 0.666667 0.700000 0.733333 0.766667 0.800000 0.833333 0.866667 0.900000 0.933333 0.966667 1.000000 1.033333
1.066667 1.100000 1.133333 1.166667 1.200000 1.233333 1.266667 1.300000 1.333333 1.366667 1.400000 1.433333 1.466667 1.500000 1.533333 1.566667
1.600000 1.633333</float_array><technique_common><accessor source="#Spine2-Matrix-animation-input-array" count="50"><param name="TIME" type="float"/></accessor></technique_common></source><source id="Spine2-Matrix-animation-output-transform"><float_array id="Spine2-Matrix-animation-output-transform-array" count="800">

0.999616 -0.026954 0.006492 0.000000 0.027077 0.999440 -0.019651 13.639600 -0.005958 0.019819 0.999786 -1.292300 0.000000 0.000000 0.000000 1.000000
0.999616 -0.026954 0.006492 -0.000000 0.027078 0.999436 -0.019851 13.639600 -0.005953 0.020019 0.999782 -1.292300 0.000000 0.000000 0.000000 1.000000
0.999616 -0.026954 0.006492 0.000000 0.027080 0.999431 -0.020124 13.639600 -0.005945 0.020292 0.999776 -1.292300 0.000000 0.000000 0.000000 1.000000
0.999616 -0.026954 0.006492 -0.000000 0.027082 0.999425 -0.020415 13.639600 -0.005938 0.020583 0.999771 -1.292300 0.000000 0.000000 0.000000 1.000000
0.999616 -0.026954 0.006492 0.000000 0.027083 0.999420 -0.020623 13.639600 -0.005932 0.020790 0.999766 -1.292300 0.000000 0.000000 0.000000 1.000000
0.999616 -0.026954 0.006492 0.000000 0.027083 0.999420 -0.020645 13.639600 -0.005931 0.020813 0.999766 -1.292300 0.000000 0.000000 0.000000 1.000000
0.999615 -0.026954 0.006552 0.000000 0.027084 0.999422 -0.020549 13.639600 -0.005994 0.020718 0.999767 -1.292300 0.000000 0.000000 0.000000 1.000000
0.999615 -0.026904 0.006767 -0.000000 0.027036 0.999427 -0.020348 13.639600 -0.006216 0.020523 0.999770 -1.292300 0.000000 0.000000 0.000000 1.000000
0.999616 -0.026786 0.007065 0.000000 0.026924 0.999436 -0.020094 13.639600 -0.006523 0.020277 0.999773 -1.292300 0.000000 0.000000 0.000000 1.000000
0.999616 -0.026723 0.007363 0.000000 0.026865 0.999440 -0.019955 13.639600 -0.006825 0.020145 0.999774 -1.292300 0.000000 0.000000 0.000000 1.000000
0.999614 -0.026733 0.007607 0.000000 0.026883 0.999432 -0.020324 13.639600 -0.007059 0.020521 0.999765 -1.292300 0.000000 0.000000 0.000000 1.000000
0.999606 -0.026960 0.007843 0.000000 0.027124 0.999400 -0.021532 13.639600 -0.007257 0.021736 0.999737 -1.292300 0.000000 0.000000 0.000000 1.000000
0.999592 -0.027373 0.008130 0.000000 0.027557 0.999346 -0.023422 13.639600 -0.007484 0.023637 0.999693 -1.292300 0.000000 0.000000 0.000000 1.000000
0.999577 -0.027827 0.008437 0.000000 0.028032 0.999286 -0.025317 13.639600 -0.007726 0.025543 0.999644 -1.292300 0.000000 0.000000 0.000000 1.000000
0.999565 -0.028196 0.008634 0.000000 0.028415 0.999246 -0.026456 13.639600 -0.007882 0.026689 0.999613 -1.292300 0.000000 0.000000 0.000000 1.000000
0.999557 -0.028445 0.008743 0.000000 0.028669 0.999235 -0.026598 13.639600 -0.007980 0.026837 0.999608 -1.292300 0.000000 0.000000 0.000000 1.000000
0.999552 -0.028620 0.008802 0.000000 0.028841 0.999241 -0.026166 13.639600 -0.008046 0.026408 0.999619 -1.292300 0.000000 0.000000 0.000000 1.000000
0.999549 -0.028685 0.008845 0.000000 0.028904 0.999250 -0.025763 13.639600 -0.008099 0.026007 0.999629 -1.292300 0.000000 0.000000 0.000000 1.000000
0.999549 -0.028693 0.008902 -0.000000 0.028913 0.999252 -0.025665 13.639600 -0.008159 0.025911 0.999631 -1.292300 0.000000 0.000000 0.000000 1.000000
0.999549 -0.028650 0.008956 0.000000 0.028872 0.999253 -0.025704 13.639600 -0.008213 0.025951 0.999629 -1.292300 0.000000 0.000000 0.000000 1.000000
0.999552 -0.028531 0.009004 0.000000 0.028754 0.999256 -0.025720 13.639600 -0.008263 0.025967 0.999629 -1.292300 0.000000 0.000000 0.000000 1.000000
0.999559 -0.028279 0.009108 0.000000 0.028504 0.999267 -0.025565 13.639600 -0.008379 0.025813 0.999632 -1.292300 0.000000 0.000000 0.000000 1.000000
0.999565 -0.027963 0.009348 0.000000 0.028191 0.999283 -0.025257 13.639600 -0.008635 0.025509 0.999637 -1.292300 0.000000 0.000000 0.000000 1.000000
0.999571 -0.027641 0.009685 -0.000000 0.027874 0.999302 -0.024875 13.639600 -0.008991 0.025134 0.999644 -1.292300 0.000000 0.000000 0.000000 1.000000
0.999576 -0.027353 0.009962 0.000000 0.027590 0.999321 -0.024411 13.639600 -0.009287 0.024676 0.999652 -1.292300 0.000000 0.000000 0.000000 1.000000
0.999582 -0.027128 0.010012 0.000000 0.027360 0.999343 -0.023781 13.639600 -0.009360 0.024045 0.999667 -1.292300 0.000000 0.000000 0.000000 1.000000
0.999588 -0.026944 0.009937 0.000000 0.027167 0.999367 -0.022948 13.639600 -0.009312 0.023208 0.999687 -1.292300 0.000000 0.000000 0.000000 1.000000
0.999592 -0.026810 0.009817 0.000000 0.027021 0.999393 -0.022007 13.639600 -0.009221 0.022264 0.999710 -1.292300 0.000000 0.000000 0.000000 1.000000
0.999597 -0.026705 0.009671 -0.000000 0.026905 0.999415 -0.021132 13.639600 -0.009101 0.021384 0.999730 -1.292300 0.000000 0.000000 0.000000 1.000000
0.999600 -0.026651 0.009445 0.000000 0.026840 0.999431 -0.020449 13.639600 -0.008894 0.020695 0.999746 -1.292300 0.000000 0.000000 0.000000 1.000000
0.999604 -0.026623 0.009161 -0.000000 0.026802 0.999442 -0.019953 13.639600 -0.008625 0.020190 0.999759 -1.292300 0.000000 0.000000 0.000000 1.000000
0.999607 -0.026613 0.008840 -0.000000 0.026781 0.999450 -0.019557 13.639600 -0.008314 0.019786 0.999770 -1.292300 0.000000 0.000000 0.000000 1.000000
0.999609 -0.026617 0.008507 -0.000000 0.026777 0.999457 -0.019214 13.639600 -0.007991 0.019434 0.999779 -1.292300 0.000000 0.000000 0.000000 1.000000
0.999612 -0.026636 0.008185 -0.000000 0.026787 0.999462 -0.018941 13.639600 -0.007677 0.019153 0.999787 -1.292300 0.000000 0.000000 0.000000 1.000000
0.999613 -0.026689 0.007880 -0.000000 0.026833 0.999464 -0.018756 13.639600 -0.007375 0.018960 0.999793 -1.292300 0.000000 0.000000 0.000000 1.000000
0.999613 -0.026769 0.007573 -0.000000 0.026906 0.999464 -0.018666 13.639600 -0.007069 0.018863 0.999797 -1.292300 0.000000 0.000000 0.000000 1.000000
0.999613 -0.026856 0.007265 0.000000 0.026987 0.999462 -0.018626 13.639600 -0.006761 0.018815 0.999800 -1.292300 0.000000 0.000000 0.000000 1.000000
0.999613 -0.026948 0.006975 0.000000 0.027074 0.999460 -0.018609 13.639600 -0.006470 0.018791 0.999803 -1.292300 0.000000 0.000000 0.000000 1.000000
0.999612 -0.027033 0.006721 0.000000 0.027154 0.999458 -0.018612 13.639600 -0.006214 0.018787 0.999804 -1.292300 0.000000 0.000000 0.000000 1.000000
0.999611 -0.027100 0.006518 -0.000000 0.027218 0.999456 -0.018629 13.639600 -0.006010 0.018799 0.999805 -1.292300 0.000000 0.000000 0.000000 1.000000
0.999612 -0.027126 0.006388 0.000000 0.027241 0.999455 -0.018656 13.639600 -0.005879 0.018823 0.999806 -1.292300 0.000000 0.000000 0.000000 1.000000
0.999612 -0.027126 0.006328 -0.000000 0.027241 0.999454 -0.018714 13.639600 -0.005817 0.018880 0.999805 -1.292300 0.000000 0.000000 0.000000 1.000000
0.999612 -0.027126 0.006295 0.000000 0.027241 0.999451 -0.018833 13.639600 -0.005780 0.018997 0.999803 -1.292300 0.000000 0.000000 0.000000 1.000000
0.999612 -0.027126 0.006275 0.000000 0.027241 0.999449 -0.018987 13.639600 -0.005756 0.019151 0.999800 -1.292300 0.000000 0.000000 0.000000 1.000000
0.999612 -0.027126 0.006264 0.000000 0.027242 0.999445 -0.019179 13.639600 -0.005740 0.019342 0.999796 -1.292300 0.000000 0.000000 0.000000 1.000000
0.999612 -0.027126 0.006257 -0.000000 0.027243 0.999441 -0.019379 13.639600 -0.005728 0.019542 0.999793 -1.292300 0.000000 0.000000 0.000000 1.000000
0.999612 -0.027126 0.006251 0.000000 0.027244 0.999438 -0.019535 13.639600 -0.005718 0.019698 0.999790 -1.292300 0.000000 0.000000 0.000000 1.000000
0.999613 -0.027126 0.006242 0.000000 0.027244 0.999438 -0.019535 13.639600 -0.005709 0.019697 0.999790 -1.292300 0.000000 0.000000 0.000000 1.000000
0.999613 -0.027126 0.006242 -0.000000 0.027244 0.999438 -0.019535 13.639600 -0.005709 0.019697 0.999790 -1.292300 0.000000 0.000000 0.000000 1.000000
0.999613 -0.027126 0.006242 -0.000000 0.027244 0.999438 -0.019535 13.639600 -0.005709 0.019697 0.999790 -1.292300 0.000000 0.000000 0.000000 1.000000</float_array><technique_common><accessor source="#Spine2-Matrix-animation-output-transform-array" count="50" stride="16"><param type="float4x4"/></accessor></technique_common></source><source id="Spine2-Interpolations"><Name_array id="Spine2-Interpolations-array" count="50">
 LINEAR LINEAR LINEAR LINEAR LINEAR LINEAR LINEAR LINEAR LINEAR LINEAR LINEAR
LINEAR LINEAR LINEAR LINEAR LINEAR LINEAR LINEAR LINEAR LINEAR LINEAR LINEAR LINEAR
LINEAR LINEAR LINEAR LINEAR LINEAR LINEAR LINEAR LINEAR LINEAR LINEAR LINEAR LINEAR
LINEAR LINEAR LINEAR LINEAR LINEAR LINEAR LINEAR LINEAR LINEAR LINEAR LINEAR LINEAR
LINEAR LINEAR LINEAR</Name_array><technique_common><accessor source="#Spine2-Interpolations-array" count="50"><param type="name"/></accessor></technique_common></source><sampler id="Spine2-Matrix-animation-transform"><input semantic="INPUT" source="#Spine2-Matrix-animation-input"/><input semantic="OUTPUT" source="#Spine2-Matrix-animation-output-transform"/><input semantic="INTERPOLATION" source="#Spine2-Interpolations"/></sampler><channel source="#Spine2-Matrix-animation-transform" target="Spine2/matrix"/></animation>
    <animation id="Neck-anim" name="Neck"><source id="Neck-Matrix-animation-input"><float_array id="Neck-Matrix-animation-input-array" count="50">

0.000000 0.033333 0.066667 0.100000 0.133333 0.166667 0.200000 0.233333 0.266667 0.300000 0.333333 0.366667 0.400000 0.433333 0.466667 0.500000
0.533333 0.566667 0.600000 0.633333 0.666667 0.700000 0.733333 0.766667 0.800000 0.833333 0.866667 0.900000 0.933333 0.966667 1.000000 1.033333
1.066667 1.100000 1.133333 1.166667 1.200000 1.233333 1.266667 1.300000 1.333333 1.366667 1.400000 1.433333 1.466667 1.500000 1.533333 1.566667
1.600000 1.633333</float_array><technique_common><accessor source="#Neck-Matrix-animation-input-array" count="50"><param name="TIME" type="float"/></accessor></technique_common></source><source id="Neck-Matrix-animation-output-transform"><float_array id="Neck-Matrix-animation-output-transform-array" count="800">

0.999968 -0.007936 -0.001320 0.000000 0.007768 0.995152 -0.098040 13.877400 0.002092 0.098026 0.995182 -4.354200 0.000000 0.000000 0.000000 1.000000
0.999971 -0.007456 -0.001250 0.000000 0.007293 0.994967 -0.099934 13.877400 0.001989 0.099922 0.994993 -4.354200 0.000000 0.000000 0.000000 1.000000
0.999975 -0.007051 -0.000852 -0.000000 0.006926 0.994685 -0.102731 13.877400 0.001572 0.102722 0.994709 -4.354200 0.000000 0.000000 0.000000 1.000000
0.999973 -0.007309 0.000154 0.000000 0.007284 0.994326 -0.106125 13.877400 0.000622 0.106123 0.994353 -4.354200 0.000000 0.000000 0.000000 1.000000
0.999964 -0.008334 0.001811 -0.000000 0.008483 0.993832 -0.110570 13.877400 -0.000878 0.110581 0.993867 -4.354200 0.000000 0.000000 0.000000 1.000000
