<?xml version="1.0" encoding="utf-8"?>
<COLLADA xmlns="http://www.collada.org/2005/11/COLLADASchema" version="1.4.1">
  <asset><contributor><author>Mixamo</author><authoring_tool>COLLADA Mixamo exporter</authoring_tool><comments></comments></contributor><created>2021-03-22T20:26:51Z</created><modified>2021-03-22T20:26:51Z</modified><revision></revision><title></title><unit meter="0.010000"/><up_axis>Y_UP</up_axis></asset>
  <library_animations>
    <animation id="Hips-anim" name="Hips"><source id="Hips-Matrix-animation-input"><float_array id="Hips-Matrix-animation-input-array" count="86">

0.000000 0.033333 0.066667 0.100000 0.133333 0.166667 0.200000 0.233333 0.266667 0.300000 0.333333 0.366667 0.400000 0.433333 0.466667 0.500000
0.533333 0.566667 0.600000 0.633333 0.666667 0.700000 0.733333 0.766667 0.800000 0.833333 0.866667 0.900000 0.933333 0.966667 1.000000 1.033333
1.066667 1.100000 1.133333 1.166667 1.200000 1.233333 1.266667 1.300000 1.333333 1.366667 1.400000 1.433333 1.466667 1.500000 1.533333 1.566667
1.600000 1.633333 1.666667 1.700000 1.733333 1.766667 1.800000 1.833333 1.866667 1.900000 1.933333 1.966667 2.000000 2.033333 2.066667 2.100000
2.133333 2.166667 2.200000 2.233333 2.266667 2.300000 2.333333 2.366667 2.400000 2.433333 2.466667 2.500000 2.533333 2.566667 2.600000 2.633333
2.666667 2.700000 2.733333 2.766667 2.800000 2.833333</float_array><technique_common><accessor source="#Hips-Matrix-animation-input-array" count="86"><param name="TIME" type="float"/></accessor></technique_common></source><source id="Hips-Matrix-animation-output-transform"><float_array id="Hips-Matrix-animation-output-transform-array" count="1376">

0.998115 0.013726 -0.059819 0.000044 -0.014284 0.999858 -0.008907 95.943207 0.059689 0.009745 0.998169 -0.013548 0.000000 0.000000 0.000000 1.000000
0.998070 0.014099 -0.060475 -0.003724 -0.014631 0.999858 -0.008363 95.941788 0.060348 0.009231 0.998135 -0.018714 0.000000 0.000000 0.000000 1.000000
0.997912 0.014107 -0.063032 0.017788 -0.014612 0.999865 -0.007564 95.944664 0.062916 0.008469 0.997983 -0.033515 0.000000 0.000000 0.000000 1.000000
0.997712 0.014109 -0.066118 0.041235 -0.014578 0.999872 -0.006620 95.947968 0.066016 0.007569 0.997790 -0.050465 0.000000 0.000000 0.000000 1.000000
0.997457 0.014031 -0.069880 0.074960 -0.014454 0.999880 -0.005541 95.951942 0.069794 0.006537 0.997540 -0.073124 0.000000 0.000000 0.000000 1.000000
0.997167 0.013956 -0.073918 0.109478 -0.014318 0.999888 -0.004362 95.956635 0.073849 0.005408 0.997255 -0.096736 0.000000 0.000000 0.000000 1.000000
0.996829 0.013805 -0.078371 0.148551 -0.014090 0.999896 -0.003082 95.962891 0.078320 0.004177 0.996919 -0.122614 0.000000 0.000000 0.000000 1.000000
0.996459 0.013659 -0.082961 0.188704 -0.013848 0.999903 -0.001703 95.970207 0.082930 0.002846 0.996551 -0.149151 0.000000 0.000000 0.000000 1.000000
0.996062 0.013548 -0.087619 0.227736 -0.013618 0.999907 -0.000209 95.978081 0.087608 0.001401 0.996154 -0.174593 0.000000 0.000000 0.000000 1.000000
0.995647 0.013484 -0.092225 0.264039 -0.013414 0.999909 0.001378 95.986107 0.092236 -0.000135 0.995737 -0.198290 0.000000 0.000000 0.000000 1.000000
0.995237 0.013480 -0.096544 0.294922 -0.013252 0.999908 0.003010 95.994400 0.096575 -0.001716 0.995324 -0.219339 0.000000 0.000000 0.000000 1.000000
0.994855 0.013548 -0.100398 0.318612 -0.013149 0.999903 0.004635 96.002747 0.100451 -0.003291 0.994937 -0.237174 0.000000 0.000000 0.000000 1.000000
0.994516 0.013719 -0.103676 0.334135 -0.013146 0.999894 0.006211 96.009872 0.103750 -0.004814 0.994592 -0.251380 0.000000 0.000000 0.000000 1.000000
0.994235 0.014017 -0.106298 0.341049 -0.013274 0.999882 0.007695 96.014915 0.106393 -0.006240 0.994305 -0.261903 0.000000 0.000000 0.000000 1.000000
0.994027 0.014424 -0.108175 0.339545 -0.013526 0.999868 0.009024 96.018105 0.108291 -0.007507 0.994091 -0.269346 0.000000 0.000000 0.000000 1.000000
0.993905 0.014878 -0.109234 0.330467 -0.013853 0.999853 0.010138 96.020004 0.109369 -0.008563 0.993964 -0.274022 0.000000 0.000000 0.000000 1.000000
0.993872 0.015336 -0.109468 0.315335 -0.014214 0.999838 0.011019 96.020737 0.109619 -0.009395 0.993929 -0.275373 0.000000 0.000000 0.000000 1.000000
0.993925 0.015781 -0.108926 0.296078 -0.014594 0.999825 0.011689 96.019989 0.109092 -0.010029 0.993981 -0.272799 0.000000 0.000000 0.000000 1.000000
0.994053 0.016208 -0.107681 0.274245 -0.014981 0.999813 0.012193 96.018089 0.107859 -0.010508 0.994111 -0.266010 0.000000 0.000000 0.000000 1.000000
0.994245 0.016600 -0.105835 0.250866 -0.015354 0.999803 0.012579 96.015381 0.106023 -0.010882 0.994304 -0.254692 0.000000 0.000000 0.000000 1.000000
0.994482 0.016952 -0.103532 0.226835 -0.015700 0.999794 0.012897 96.012001 0.103730 -0.011200 0.994542 -0.238254 0.000000 0.000000 0.000000 1.000000
0.994740 0.017277 -0.100960 0.203123 -0.016024 0.999784 0.013210 96.007568 0.101166 -0.011523 0.994803 -0.216503 0.000000 0.000000 0.000000 1.000000
0.994998 0.017610 -0.098327 0.180342 -0.016353 0.999774 0.013567 96.001808 0.098544 -0.011891 0.995062 -0.190008 0.000000 0.000000 0.000000 1.000000
0.995234 0.017972 -0.095844 0.158872 -0.016708 0.999763 0.013982 95.994690 0.096073 -0.012314 0.995298 -0.160032 0.000000 0.000000 0.000000 1.000000
0.995433 0.018349 -0.093684 0.139506 -0.017070 0.999750 0.014432 95.986732 0.093925 -0.012767 0.995497 -0.127917 0.000000 0.000000 0.000000 1.000000
0.995584 0.018725 -0.091983 0.123394 -0.017427 0.999737 0.014900 95.978226 0.092238 -0.013231 0.995649 -0.095230 0.000000 0.000000 0.000000 1.000000
0.995684 0.019097 -0.090827 0.111479 -0.017773 0.999724 0.015371 95.969452 0.091095 -0.013690 0.995748 -0.063999 0.000000 0.000000 0.000000 1.000000
0.995732 0.019450 -0.090217 0.104390 -0.018095 0.999711 0.015809 95.960861 0.090498 -0.014109 0.995797 -0.035705 0.000000 0.000000 0.000000 1.000000
0.995740 0.019740 -0.090073 0.102815 -0.018358 0.999701 0.016146 95.953041 0.090365 -0.014423 0.995804 -0.010903 0.000000 0.000000 0.000000 1.000000
0.995718 0.019944 -0.090270 0.106938 -0.018541 0.999694 0.016352 95.946518 0.090568 -0.014608 0.995783 0.010105 0.000000 0.000000 0.000000 1.000000
0.995678 0.020081 -0.090672 0.115962 -0.018664 0.999690 0.016454 95.941086 0.090974 -0.014691 0.995745 0.026698 0.000000 0.000000 0.000000 1.000000
0.995632 0.020188 -0.091155 0.128243 -0.018760 0.999688 0.016490 95.936325 0.091460 -0.014708 0.995700 0.038598 0.000000 0.000000 0.000000 1.000000
0.995587 0.020282 -0.091627 0.142162 -0.018851 0.999687 0.016461 95.932083 0.091932 -0.014661 0.995657 0.046302 0.000000 0.000000 0.000000 1.000000
0.995547 0.020355 -0.092040 0.156732 -0.018928 0.999687 0.016352 95.928749 0.092344 -0.014537 0.995621 0.050483 0.000000 0.000000 0.000000 1.000000
0.995512 0.020413 -0.092403 0.171051 -0.018998 0.999689 0.016169 95.926376 0.092705 -0.014341 0.995590 0.051233 0.000000 0.000000 0.000000 1.000000
0.995477 0.020482 -0.092767 0.184107 -0.019083 0.999691 0.015943 95.924538 0.093065 -0.014100 0.995560 0.048114 0.000000 0.000000 0.000000 1.000000
0.995436 0.020576 -0.093187 0.195371 -0.019197 0.999693 0.015671 95.923019 0.093481 -0.013810 0.995525 0.041161 0.000000 0.000000 0.000000 1.000000
0.995385 0.020679 -0.093703 0.205137 -0.019328 0.999696 0.015306 95.922203 0.093991 -0.013424 0.995483 0.031172 0.000000 0.000000 0.000000 1.000000
0.995322 0.020756 -0.094358 0.214074 -0.019443 0.999701 0.014810 95.922523 0.094637 -0.012906 0.995428 0.019095 0.000000 0.000000 0.000000 1.000000
0.995243 0.020798 -0.095178 0.222709 -0.019534 0.999708 0.014196 95.923927 0.095445 -0.012270 0.995359 0.005390 0.000000 0.000000 0.000000 1.000000
0.995150 0.020827 -0.096139 0.231721 -0.019616 0.999716 0.013521 95.926079 0.096394 -0.011570 0.995276 -0.009696 0.000000 0.000000 0.000000 1.000000
0.995053 0.020883 -0.097131 0.241171 -0.019722 0.999722 0.012891 95.928818 0.097373 -0.010912 0.995188 -0.025841 0.000000 0.000000 0.000000 1.000000
0.994972 0.020970 -0.097937 0.251101 -0.019850 0.999726 0.012400 95.932602 0.098170 -0.010393 0.995115 -0.043083 0.000000 0.000000 0.000000 1.000000
0.994932 0.021094 -0.098308 0.261543 -0.020000 0.999727 0.012097 95.937164 0.098537 -0.010070 0.995082 -0.062250 0.000000 0.000000 0.000000 1.000000
0.994953 0.021285 -0.098059 0.272564 -0.020201 0.999724 0.012026 95.941689 0.098288 -0.009984 0.995108 -0.084596 0.000000 0.000000 0.000000 1.000000
0.995044 0.021547 -0.097073 0.285090 -0.020452 0.999716 0.012264 95.946541 0.097310 -0.010218 0.995202 -0.111284 0.000000 0.000000 0.000000 1.000000
0.995206 0.021857 -0.095325 0.299733 -0.020723 0.999702 0.012870 95.952217 0.095578 -0.010833 0.995363 -0.144050 0.000000 0.000000 0.000000 1.000000
0.995442 0.022187 -0.092753 0.314571 -0.020999 0.999685 0.013765 95.955360 0.093029 -0.011755 0.995594 -0.185992 0.000000 0.000000 0.000000 1.000000
0.995788 0.022418 -0.088898 0.329381 -0.021203 0.999669 0.014590 95.951065 0.089195 -0.012644 0.995934 -0.240781 0.000000 0.000000 0.000000 1.000000
0.996265 0.022400 -0.083392 0.345571 -0.021230 0.999664 0.014889 95.943512 0.083698 -0.013063 0.996406 -0.307651 0.000000 0.000000 0.000000 1.000000
0.996789 0.022042 -0.076978 0.364041 -0.020985 0.999675 0.014508 95.941811 0.077273 -0.012846 0.996927 -0.380400 0.000000 0.000000 0.000000 1.000000
0.997243 0.021393 -0.071058 0.383415 -0.020478 0.999698 0.013584 95.944183 0.071327 -0.012092 0.997380 -0.454779 0.000000 0.000000 0.000000 1.000000
0.997600 0.020542 -0.066130 0.403347 -0.019777 0.999730 0.012201 95.941711 0.066363 -0.010864 0.997736 -0.531250 0.000000 0.000000 0.000000 1.000000
0.997891 0.019550 -0.061892 0.422004 -0.018949 0.999768 0.010273 95.934586 0.062078 -0.009078 0.998030 -0.607471 0.000000 0.000000 0.000000 1.000000
0.998101 0.018422 -0.058779 0.439229 -0.017990 0.999807 0.007872 95.935112 0.058912 -0.006800 0.998240 -0.673224 0.000000 0.000000 0.000000 1.000000
0.998155 0.017310 -0.058195 0.455097 -0.017019 0.999840 0.005482 95.947701 0.058280 -0.004481 0.998290 -0.719738 0.000000 0.000000 0.000000 1.000000
0.998004 0.016492 -0.060954 0.466558 -0.016289 0.999860 0.003833 95.962799 0.061009 -0.002832 0.998133 -0.747003 0.000000 0.000000 0.000000 1.000000
0.997686 0.016101 -0.066050 0.470437 -0.015922 0.999868 0.003239 95.967278 0.066094 -0.002180 0.997811 -0.761927 0.000000 0.000000 0.000000 1.000000
0.997298 0.016064 -0.071683 0.465373 -0.015862 0.999868 0.003384 95.964966 0.071728 -0.002237 0.997422 -0.767610 0.000000 0.000000 0.000000 1.000000
0.996895 0.016273 -0.077047 0.451007 -0.016021 0.999864 0.003884 95.967003 0.077100 -0.002637 0.997020 -0.762022 0.000000 0.000000 0.000000 1.000000
0.996480 0.016697 -0.082154 0.427755 -0.016365 0.999855 0.004712 95.974075 0.082221 -0.003351 0.996609 -0.746271 0.000000 0.000000 0.000000 1.000000
0.996101 0.017299 -0.086505 0.397666 -0.016856 0.999841 0.005851 95.976379 0.086593 -0.004370 0.996234 -0.728305 0.000000 0.000000 0.000000 1.000000
0.995852 0.017954 -0.089199 0.361959 -0.017404 0.999824 0.006945 95.971054 0.089308 -0.005364 0.995990 -0.715062 0.000000 0.000000 0.000000 1.000000
0.995779 0.018502 -0.089895 0.322982 -0.017901 0.999812 0.007487 95.964569 0.090017 -0.005846 0.995923 -0.707284 0.000000 0.000000 0.000000 1.000000
0.995864 0.018856 -0.088874 0.284849 -0.018283 0.999806 0.007261 95.962112 0.088994 -0.005606 0.996016 -0.703472 0.000000 0.000000 0.000000 1.000000
0.996068 0.019015 -0.086525 0.249871 -0.018527 0.999808 0.006448 95.962799 0.086631 -0.004819 0.996229 -0.703135 0.000000 0.000000 0.000000 1.000000
0.996354 0.018988 -0.083176 0.218045 -0.018613 0.999813 0.005284 95.962944 0.083260 -0.003717 0.996521 -0.706199 0.000000 0.000000 0.000000 1.000000
0.996688 0.018802 -0.079113 0.189271 -0.018558 0.999820 0.003816 95.960655 0.079171 -0.002336 0.996858 -0.711340 0.000000 0.000000 0.000000 1.000000
0.997045 0.018490 -0.074560 0.163407 -0.018385 0.999829 0.002093 95.956573 0.074586 -0.000716 0.997214 -0.715731 0.000000 0.000000 0.000000 1.000000
0.997407 0.018047 -0.069662 0.139948 -0.018070 0.999837 0.000302 95.952103 0.069656 0.000958 0.997571 -0.716208 0.000000 0.000000 0.000000 1.000000
0.997757 0.017491 -0.064607 0.117733 -0.017618 0.999844 -0.001392 95.947784 0.064573 0.002527 0.997910 -0.710501 0.000000 0.000000 0.000000 1.000000
0.998072 0.016890 -0.059722 0.095899 -0.017096 0.999850 -0.002940 95.943169 0.059663 0.003956 0.998211 -0.697373 0.000000 0.000000 0.000000 1.000000
0.998332 0.016294 -0.055393 0.074951 -0.016557 0.999854 -0.004308 95.937820 0.055314 0.005218 0.998455 -0.676372 0.000000 0.000000 0.000000 1.000000
0.998528 0.015683 -0.051915 0.056612 -0.015987 0.999857 -0.005450 95.932129 0.051822 0.006272 0.998637 -0.647781 0.000000 0.000000 0.000000 1.000000
0.998665 0.015039 -0.049410 0.042160 -0.015373 0.999861 -0.006387 95.927048 0.049307 0.007139 0.998758 -0.612481 0.000000 0.000000 0.000000 1.000000
0.998749 0.014414 -0.047879 0.031549 -0.014774 0.999865 -0.007174 95.923622 0.047769 0.007873 0.998827 -0.571669 0.000000 0.000000 0.000000 1.000000
0.998784 0.013873 -0.047313 0.024557 -0.014259 0.999868 -0.007825 95.921890 0.047198 0.008490 0.998849 -0.526785 0.000000 0.000000 0.000000 1.000000
0.998773 0.013431 -0.047657 0.021063 -0.013844 0.999869 -0.008336 95.921310 0.047539 0.008985 0.998829 -0.479177 0.000000 0.000000 0.000000 1.000000
0.998727 0.013043 -0.048733 0.020741 -0.013484 0.999871 -0.008739 95.921776 0.048613 0.009385 0.998774 -0.429812 0.000000 0.000000 0.000000 1.000000
0.998654 0.012714 -0.050277 0.022276 -0.013186 0.999872 -0.009072 95.923355 0.050155 0.009723 0.998694 -0.379005 0.000000 0.000000 0.000000 1.000000
0.998564 0.012493 -0.052101 0.023889 -0.012995 0.999872 -0.009310 95.925911 0.051978 0.009974 0.998598 -0.326558 0.000000 0.000000 0.000000 1.000000
0.998465 0.012420 -0.053975 0.024045 -0.012949 0.999871 -0.009460 95.929169 0.053851 0.010145 0.998497 -0.272191 0.000000 0.000000 0.000000 1.000000
0.998356 0.012456 -0.055951 0.022837 -0.013007 0.999870 -0.009481 95.932724 0.055825 0.010193 0.998389 -0.213974 0.000000 0.000000 0.000000 1.000000
0.998260 0.012657 -0.057597 0.017809 -0.013221 0.999868 -0.009419 95.937180 0.057470 0.010164 0.998296 -0.153057 0.000000 0.000000 0.000000 1.000000
0.998168 0.013036 -0.059081 0.010133 -0.013607 0.999864 -0.009268 95.941658 0.058953 0.010055 0.998210 -0.082593 0.000000 0.000000 0.000000 1.000000
0.998115 0.013726 -0.059819 0.000044 -0.014284 0.999858 -0.008907 95.943207 0.059689 0.009745 0.998169 -0.013548 0.000000 0.000000 0.000000 1.000000</float_array><technique_common><accessor source="#Hips-Matrix-animation-output-transform-array" count="86" stride="16"><param type="float4x4"/></accessor></technique_common></source><source id="Hips-Interpolations"><Name_array id="Hips-Interpolations-array" count="86">
 LINEAR LINEAR LINEAR LINEAR LINEAR LINEAR LINEAR LINEAR LINEAR LINEAR LINEAR
LINEAR LINEAR LINEAR LINEAR LINEAR LINEAR LINEAR LINEAR LINEAR LINEAR LINEAR LINEAR
LINEAR LINEAR LINEAR LINEAR LINEAR LINEAR LINEAR LINEAR LINEAR LINEAR LINEAR LINEAR
LINEAR LINEAR LINEAR LINEAR LINEAR LINEAR LINEAR LINEAR LINEAR LINEAR LINEAR LINEAR
LINEAR LINEAR LINEAR LINEAR LINEAR LINEAR LINEAR LINEAR LINEAR LINEAR LINEAR LINEAR
LINEAR LINEAR LINEAR LINEAR LINEAR LINEAR LINEAR LINEAR LINEAR LINEAR LINEAR LINEAR
LINEAR LINEAR LINEAR LINEAR LINEAR LINEAR LINEAR LINEAR LINEAR LINEAR LINEAR LINEAR
LINEAR LINEAR LINEAR</Name_array><technique_common><accessor source="#Hips-Interpolations-array" count="86"><param type="name"/></accessor></technique_common></source><sampler id="Hips-Matrix-animation-transform"><input semantic="INPUT" source="#Hips-Matrix-animation-input"/><input semantic="OUTPUT" source="#Hips-Matrix-animation-output-transform"/><input semantic="INTERPOLATION" source="#Hips-Interpolations"/></sampler><channel source="#Hips-Matrix-animation-transform" target="Hips/matrix"/></animation>
    <animation id="Spine-anim" name="Spine"><source id="Spine-Matrix-animation-input"><float_array id="Spine-Matrix-animation-input-array" count="86">

0.000000 0.033333 0.066667 0.100000 0.133333 0.166667 0.200000 0.233333 0.266667 0.300000 0.333333 0.366667 0.400000 0.433333 0.466667 0.500000
0.533333 0.566667 0.600000 0.633333 0.666667 0.700000 0.733333 0.766667 0.800000 0.833333 0.866667 0.900000 0.933333 0.966667 1.000000 1.033333
1.066667 1.100000 1.133333 1.166667 1.200000 1.233333 1.266667 1.300000 1.333333 1.366667 1.400000 1.433333 1.466667 1.500000 1.533333 1.566667
1.600000 1.633333 1.666667 1.700000 1.733333 1.766667 1.800000 1.833333 1.866667 1.900000 1.933333 1.966667 2.000000 2.033333 2.066667 2.100000
2.133333 2.166667 2.200000 2.233333 2.266667 2.300000 2.333333 2.366667 2.400000 2.433333 2.466667 2.500000 2.533333 2.566667 2.600000 2.633333
2.666667 2.700000 2.733333 2.766667 2.800000 2.833333</float_array><technique_common><accessor source="#Spine-Matrix-animation-input-array" count="86"><param name="TIME" type="float"/></accessor></technique_common></source><source id="Spine-Matrix-animation-output-transform"><float_array id="Spine-Matrix-animation-output-transform-array" count="1376">

0.999622 0.001914 0.027428 0.000000 -0.000542 0.998751 -0.049957 9.226300 -0.027490 0.049923 0.998375 1.577100 0.000000 0.000000 0.000000 1.000000
0.999605 0.002543 0.027993 -0.000000 -0.001135 0.998739 -0.050194 9.226300 -0.028086 0.050142 0.998347 1.577100 0.000000 0.000000 0.000000 1.000000
0.999590 0.003761 0.028384 0.000000 -0.002323 0.998721 -0.050501 9.226300 -0.028538 0.050414 0.998321 1.577100 0.000000 0.000000 0.000000 1.000000
0.999575 0.004959 0.028717 0.000000 -0.003500 0.998713 -0.050602 9.226300 -0.028931 0.050480 0.998306 1.577100 0.000000 0.000000 0.000000 1.000000
0.999565 0.006362 0.028787 0.000000 -0.004899 0.998707 -0.050600 9.226300 -0.029071 0.050437 0.998304 1.577100 0.000000 0.000000 0.000000 1.000000
0.999566 0.007864 0.028393 0.000000 -0.006428 0.998714 -0.050292 9.226300 -0.028752 0.050088 0.998331 1.577100 0.000000 0.000000 0.000000 1.000000
0.999583 0.008970 0.027460 0.000000 -0.007596 0.998735 -0.049713 9.226300 -0.027871 0.049483 0.998386 1.577100 0.000000 0.000000 0.000000 1.000000
0.999608 0.009874 0.026183 0.000000 -0.008583 0.998764 -0.048965 9.226300 -0.026634 0.048721 0.998457 1.577100 0.000000 0.000000 0.000000 1.000000
0.999635 0.010763 0.024766 0.000000 -0.009566 0.998803 -0.047967 9.226300 -0.025253 0.047713 0.998542 1.577100 0.000000 0.000000 0.000000 1.000000
0.999665 0.011463 0.023227 0.000000 -0.010367 0.998852 -0.046762 9.226300 -0.023736 0.046506 0.998636 1.577100 0.000000 0.000000 0.000000 1.000000
0.999684 0.012141 0.021992 -0.000000 -0.011128 0.998898 -0.045585 9.226300 -0.022521 0.045326 0.998718 1.577100 0.000000 0.000000 0.000000 1.000000
0.999694 0.012802 0.021161 -0.000000 -0.011852 0.998941 -0.044458 9.226300 -0.021707 0.044194 0.998787 1.577100 0.000000 0.000000 0.000000 1.000000
0.999700 0.013414 0.020502 -0.000000 -0.012514 0.998980 -0.043395 9.226300 -0.021063 0.043126 0.998848 1.577100 0.000000 0.000000 0.000000 1.000000
0.999698 0.013994 0.020213 0.000000 -0.013127 0.999013 -0.042427 9.226300 -0.020787 0.042149 0.998895 1.577100 0.000000 0.000000 0.000000 1.000000
0.999690 0.014417 0.020294 -0.000000 -0.013568 0.999052 -0.041372 9.226300 -0.020871 0.041084 0.998938 1.577100 0.000000 0.000000 0.000000 1.000000
0.999678 0.014838 0.020587 -0.000000 -0.014004 0.999099 -0.040073 9.226300 -0.021163 0.039772 0.998985 1.577100 0.000000 0.000000 0.000000 1.000000
0.999660 0.015375 0.021039 0.000000 -0.014556 0.999151 -0.038535 9.226300 -0.021614 0.038216 0.999036 1.577100 0.000000 0.000000 0.000000 1.000000
0.999634 0.016032 0.021771 -0.000000 -0.015221 0.999203 -0.036888 9.226300 -0.022345 0.036543 0.999082 1.577100 0.000000 0.000000 0.000000 1.000000
0.999598 0.016827 0.022825 0.000000 -0.016015 0.999249 -0.035276 9.226300 -0.023401 0.034897 0.999117 1.577100 0.000000 0.000000 0.000000 1.000000
0.999556 0.017594 0.024033 0.000000 -0.016776 0.999287 -0.033828 9.226300 -0.024611 0.033410 0.999139 1.577100 0.000000 0.000000 0.000000 1.000000
0.999505 0.018400 0.025505 -0.000000 -0.017564 0.999314 -0.032615 9.226300 -0.026088 0.032151 0.999142 1.577100 0.000000 0.000000 0.000000 1.000000
0.999451 0.019234 0.026987 0.000000 -0.018383 0.999336 -0.031448 9.226300 -0.027574 0.030934 0.999141 1.577100 0.000000 0.000000 0.000000 1.000000
0.999408 0.019967 0.028021 0.000000 -0.019121 0.999363 -0.030128 9.226300 -0.028604 0.029575 0.999153 1.577100 0.000000 0.000000 0.000000 1.000000
0.999381 0.020697 0.028458 0.000000 -0.019879 0.999389 -0.028734 9.226300 -0.029035 0.028151 0.999182 1.577100 0.000000 0.000000 0.000000 1.000000
0.999369 0.021405 0.028341 -0.000000 -0.020626 0.999409 -0.027506 9.226300 -0.028913 0.026905 0.999220 1.577100 0.000000 0.000000 0.000000 1.000000
0.999365 0.022063 0.027990 -0.000000 -0.021322 0.999421 -0.026497 9.226300 -0.028558 0.025884 0.999257 1.577100 0.000000 0.000000 0.000000 1.000000
0.999363 0.022602 0.027620 0.000000 -0.021894 0.999431 -0.025658 9.226300 -0.028185 0.025037 0.999289 1.577100 0.000000 0.000000 0.000000 1.000000
0.999362 0.022960 0.027348 0.000000 -0.022280 0.999442 -0.024893 9.226300 -0.027904 0.024268 0.999316 1.577100 0.000000 0.000000 0.000000 1.000000
0.999363 0.023098 0.027210 0.000000 -0.022444 0.999458 -0.024101 9.226300 -0.027752 0.023475 0.999339 1.577100 0.000000 0.000000 0.000000 1.000000
0.999369 0.023019 0.027040 0.000000 -0.022391 0.999478 -0.023304 9.226300 -0.027562 0.022684 0.999363 1.577100 0.000000 0.000000 0.000000 1.000000
0.999385 0.022827 0.026626 0.000000 -0.022233 0.999502 -0.022401 9.226300 -0.027124 0.021795 0.999394 1.577100 0.000000 0.000000 0.000000 1.000000
0.999413 0.022479 0.025871 0.000000 -0.021926 0.999529 -0.021475 9.226300 -0.026342 0.020895 0.999435 1.577100 0.000000 0.000000 0.000000 1.000000
0.999443 0.022114 0.024978 0.000000 -0.021594 0.999549 -0.020866 9.226300 -0.025428 0.020315 0.999470 1.577100 0.000000 0.000000 0.000000 1.000000
0.999470 0.021846 0.024154 0.000000 -0.021352 0.999562 -0.020509 9.226300 -0.024591 0.019982 0.999498 1.577100 0.000000 0.000000 0.000000 1.000000
0.999491 0.021605 0.023452 0.000000 -0.021132 0.999572 -0.020217 9.226300 -0.023879 0.019711 0.999521 1.577100 0.000000 0.000000 0.000000 1.000000
0.999506 0.021465 0.022978 0.000000 -0.021003 0.999576 -0.020150 9.226300 -0.023401 0.019657 0.999533 1.577100 0.000000 0.000000 0.000000 1.000000
0.999513 0.021391 0.022710 -0.000000 -0.020932 0.999576 -0.020239 9.226300 -0.023133 0.019753 0.999537 1.577100 0.000000 0.000000 0.000000 1.000000
0.999517 0.021333 0.022608 -0.000000 -0.020877 0.999577 -0.020244 9.226300 -0.023030 0.019762 0.999539 1.577100 0.000000 0.000000 0.000000 1.000000
0.999517 0.021260 0.022687 0.000000 -0.020802 0.999578 -0.020279 9.226300 -0.023108 0.019797 0.999537 1.577100 0.000000 0.000000 0.000000 1.000000
0.999516 0.021145 0.022838 0.000000 -0.020684 0.999581 -0.020229 9.226300 -0.023256 0.019747 0.999534 1.577100 0.000000 0.000000 0.000000 1.000000
0.999516 0.020996 0.022967 -0.000000 -0.020540 0.999590 -0.019935 9.226300 -0.023376 0.019454 0.999537 1.577100 0.000000 0.000000 0.000000 1.000000
0.999519 0.020754 0.023038 0.000000 -0.020304 0.999601 -0.019631 9.226300 -0.023436 0.019154 0.999542 1.577100 0.000000 0.000000 0.000000 1.000000
0.999527 0.020400 0.023002 0.000000 -0.019956 0.999613 -0.019362 9.226300 -0.023388 0.018894 0.999548 1.577100 0.000000 0.000000 0.000000 1.000000
0.999541 0.019766 0.022979 -0.000000 -0.019321 0.999624 -0.019457 9.226300 -0.023355 0.019004 0.999547 1.577100 0.000000 0.000000 0.000000 1.000000
0.999555 0.018915 0.023085 0.000000 -0.018439 0.999617 -0.020658 9.226300 -0.023467 0.020223 0.999520 1.577100 0.000000 0.000000 0.000000 1.000000
0.999559 0.018380 0.023311 0.000000 -0.017840 0.999573 -0.023149 9.226300 -0.023726 0.022723 0.999460 1.577100 0.000000 0.000000 0.000000 1.000000
0.999549 0.018158 0.023937 -0.000000 -0.017516 0.999489 -0.026744 9.226300 -0.024411 0.026313 0.999356 1.577100 0.000000 0.000000 0.000000 1.000000
0.999519 0.018102 0.025180 0.000000 -0.017321 0.999373 -0.030891 9.226300 -0.025723 0.030440 0.999206 1.577100 0.000000 0.000000 0.000000 1.000000
0.999484 0.019030 0.025859 0.000000 -0.018143 0.999253 -0.034118 9.226300 -0.026489 0.033631 0.999083 1.577100 0.000000 0.000000 0.000000 1.000000
0.999414 0.021431 0.026682 -0.000000 -0.020464 0.999141 -0.036022 9.226300 -0.027432 0.035455 0.998995 1.577100 0.000000 0.000000 0.000000 1.000000
0.999130 0.024607 0.033661 0.000000 -0.023302 0.998983 -0.038604 9.226300 -0.034576 0.037786 0.998687 1.577100 0.000000 0.000000 0.000000 1.000000
0.998543 0.027644 0.046349 0.000000 -0.025651 0.998744 -0.043046 9.226300 -0.047481 0.041794 0.997997 1.577100 0.000000 0.000000 0.000000 1.000000
0.998087 0.029932 0.054095 0.000000 -0.027426 0.998542 -0.046486 9.226300 -0.055408 0.044914 0.997453 1.577100 0.000000 0.000000 0.000000 1.000000
0.997838 0.031595 0.057621 0.000000 -0.028840 0.998430 -0.048025 9.226300 -0.059047 0.046260 0.997183 1.577100 0.000000 0.000000 0.000000 1.000000
0.997568 0.031722 0.062068 0.000000 -0.028670 0.998365 -0.049451 9.226300 -0.063535 0.047552 0.996846 1.577100 0.000000 0.000000 0.000000 1.000000
0.997698 0.030005 0.060816 0.000000 -0.027025 0.998421 -0.049239 9.226300 -0.062197 0.047482 0.996934 1.577100 0.000000 0.000000 0.000000 1.000000
0.997977 0.028679 0.056737 0.000000 -0.025973 0.998515 -0.047881 9.226300 -0.058026 0.046310 0.997240 1.577100 0.000000 0.000000 0.000000 1.000000
0.997904 0.027971 0.058354 -0.000000 -0.025208 0.998551 -0.047553 9.226300 -0.059600 0.045983 0.997163 1.577100 0.000000 0.000000 0.000000 1.000000
0.997698 0.026809 0.062288 0.000000 -0.023824 0.998555 -0.048180 9.226300 -0.063489 0.046585 0.996895 1.577100 0.000000 0.000000 0.000000 1.000000
0.997618 0.026334 0.063761 0.000000 -0.023201 0.998510 -0.049381 9.226300 -0.064966 0.047784 0.996743 1.577100 0.000000 0.000000 0.000000 1.000000
0.997702 0.026672 0.062290 0.000000 -0.023579 0.998477 -0.049871 9.226300 -0.063525 0.048287 0.996811 1.577100 0.000000 0.000000 0.000000 1.000000
0.997914 0.026833 0.058721 0.000000 -0.023978 0.998520 -0.048807 9.226300 -0.059944 0.047297 0.997081 1.577100 0.000000 0.000000 0.000000 1.000000
0.998142 0.027055 0.054589 -0.000000 -0.024459 0.998564 -0.047670 9.226300 -0.055800 0.046247 0.997370 1.577100 0.000000 0.000000 0.000000 1.000000
0.998319 0.027415 0.051071 0.000000 -0.025001 0.998567 -0.047325 9.226300 -0.052295 0.045969 0.997573 1.577100 0.000000 0.000000 0.000000 1.000000
0.998450 0.027437 0.048431 -0.000000 -0.025166 0.998583 -0.046882 9.226300 -0.049649 0.045591 0.997726 1.577100 0.000000 0.000000 0.000000 1.000000
0.998558 0.027119 0.046322 0.000000 -0.024984 0.998626 -0.046069 9.226300 -0.047508 0.044845 0.997864 1.577100 0.000000 0.000000 0.000000 1.000000
0.998650 0.026689 0.044561 -0.000000 -0.024651 0.998652 -0.045678 9.226300 -0.045720 0.044518 0.997962 1.577100 0.000000 0.000000 0.000000 1.000000
0.998721 0.026187 0.043257 0.000000 -0.024196 0.998652 -0.045913 9.226300 -0.044401 0.044807 0.998008 1.577100 0.000000 0.000000 0.000000 1.000000
0.998764 0.025679 0.042561 0.000000 -0.023702 0.998646 -0.046308 9.226300 -0.043693 0.045242 0.998020 1.577100 0.000000 0.000000 0.000000 1.000000
0.998787 0.025093 0.042368 0.000000 -0.023104 0.998636 -0.046818 9.226300 -0.043485 0.045783 0.998005 1.577100 0.000000 0.000000 0.000000 1.000000
0.998808 0.024219 0.042374 0.000000 -0.022191 0.998616 -0.047681 9.226300 -0.043470 0.046684 0.997963 1.577100 0.000000 0.000000 0.000000 1.000000
0.998827 0.023025 0.042598 0.000000 -0.020937 0.998588 -0.048826 9.226300 -0.043662 0.047877 0.997898 1.577100 0.000000 0.000000 0.000000 1.000000
0.998836 0.021673 0.043102 0.000000 -0.019502 0.998551 -0.050162 9.226300 -0.044127 0.049263 0.997811 1.577100 0.000000 0.000000 0.000000 1.000000
0.998841 0.020134 0.043726 0.000000 -0.017868 0.998508 -0.051601 9.226300 -0.044700 0.050760 0.997710 1.577100 0.000000 0.000000 0.000000 1.000000
0.998859 0.018165 0.044162 0.000000 -0.015813 0.998468 -0.053024 9.226300 -0.045057 0.052265 0.997616 1.577100 0.000000 0.000000 0.000000 1.000000
0.998891 0.016040 0.044269 -0.000000 -0.013625 0.998430 -0.054324 9.226300 -0.045071 0.053661 0.997542 1.577100 0.000000 0.000000 0.000000 1.000000
0.998946 0.013858 0.043769 0.000000 -0.011432 0.998410 -0.055197 9.226300 -0.044464 0.054638 0.997516 1.577100 0.000000 0.000000 0.000000 1.000000
0.999039 0.011489 0.042307 -0.000000 -0.009135 0.998421 -0.055432 9.226300 -0.042877 0.054992 0.997566 1.577100 0.000000 0.000000 0.000000 1.000000
0.999149 0.009210 0.040203 -0.000000 -0.006983 0.998451 -0.055198 9.226300 -0.040649 0.054870 0.997666 1.577100 0.000000 0.000000 0.000000 1.000000
0.999251 0.007204 0.038030 0.000000 -0.005113 0.998484 -0.054810 9.226300 -0.038368 0.054574 0.997772 1.577100 0.000000 0.000000 0.000000 1.000000
0.999342 0.005519 0.035848 0.000000 -0.003568 0.998521 -0.054256 9.226300 -0.036094 0.054092 0.997883 1.577100 0.000000 0.000000 0.000000 1.000000
0.999421 0.004226 0.033757 0.000000 -0.002414 0.998563 -0.053545 9.226300 -0.033935 0.053433 0.997995 1.577100 0.000000 0.000000 0.000000 1.000000
0.999485 0.003307 0.031927 -0.000000 -0.001615 0.998599 -0.052890 9.226300 -0.032057 0.052812 0.998090 1.577100 0.000000 0.000000 0.000000 1.000000
0.999538 0.002592 0.030280 -0.000000 -0.001008 0.998637 -0.052180 9.226300 -0.030373 0.052125 0.998179 1.577100 0.000000 0.000000 0.000000 1.000000
0.999590 0.002161 0.028568 0.000000 -0.000698 0.998692 -0.051134 9.226300 -0.028641 0.051093 0.998283 1.577100 0.000000 0.000000 0.000000 1.000000
0.999622 0.001914 0.027428 -0.000000 -0.000542 0.998751 -0.049957 9.226300 -0.027490 0.049923 0.998375 1.577100 0.000000 0.000000 0.000000 1.000000</float_array><technique_common><accessor source="#Spine-Matrix-animation-output-transform-array" count="86" stride="16"><param type="float4x4"/></accessor></technique_common></source><source id="Spine-Interpolations"><Name_array id="Spine-Interpolations-array" count="86">
 LINEAR LINEAR LINEAR LINEAR LINEAR LINEAR LINEAR LINEAR LINEAR LINEAR LINEAR
LINEAR LINEAR LINEAR LINEAR LINEAR LINEAR LINEAR LINEAR LINEAR LINEAR LINEAR LINEAR
LINEAR LINEAR LINEAR LINEAR LINEAR LINEAR LINEAR LINEAR LINEAR LINEAR LINEAR LINEAR
LINEAR LINEAR LINEAR LINEAR LINEAR LINEAR LINEAR LINEAR LINEAR LINEAR LINEAR LINEAR
LINEAR LINEAR LINEAR LINEAR LINEAR LINEAR LINEAR LINEAR LINEAR LINEAR LINEAR LINEAR
LINEAR LINEAR LINEAR LINEAR LINEAR LINEAR LINEAR LINEAR LINEAR LINEAR LINEAR LINEAR
LINEAR LINEAR LINEAR LINEAR LINEAR LINEAR LINEAR LINEAR LINEAR LINEAR LINEAR LINEAR
LINEAR LINEAR LINEAR</Name_array><technique_common><accessor source="#Spine-Interpolations-array" count="86"><param type="name"/></accessor></technique_common></source><sampler id="Spine-Matrix-animation-transform"><input semantic="INPUT" source="#Spine-Matrix-animation-input"/><input semantic="OUTPUT" source="#Spine-Matrix-animation-output-transform"/><input semantic="INTERPOLATION" source="#Spine-Interpolations"/></sampler><channel source="#Spine-Matrix-animation-transform" target="Spine/matrix"/></animation>
    <animation id="Spine1-anim" name="Spine1"><source id="Spine1-Matrix-animation-input"><float_array id="Spine1-Matrix-animation-input-array" count="86">

0.000000 0.033333 0.066667 0.100000 0.133333 0.166667 0.200000 0.233333 0.266667 0.300000 0.333333 0.366667 0.400000 0.433333 0.466667 0.500000
0.533333 0.566667 0.600000 0.633333 0.666667 0.700000 0.733333 0.766667 0.800000 0.833333 0.866667 0.900000 0.933333 0.966667 1.000000 1.033333
1.066667 1.100000 1.133333 1.166667 1.200000 1.233333 1.266667 1.300000 1.333333 1.366667 1.400000 1.433333 1.466667 1.500000 1.533333 1.566667
1.600000 1.633333 1.666667 1.700000 1.733333 1.766667 1.800000 1.833333 1.866667 1.900000 1.933333 1.966667 2.000000 2.033333 2.066667 2.100000
2.133333 2.166667 2.200000 2.233333 2.266667 2.300000 2.333333 2.366667 2.400000 2.433333 2.466667 2.500000 2.533333 2.566667 2.600000 2.633333
2.666667 2.700000 2.733333 2.766667 2.800000 2.833333</float_array><technique_common><accessor source="#Spine1-Matrix-animation-input-array" count="86"><param name="TIME" type="float"/></accessor></technique_common></source><source id="Spine1-Matrix-animation-output-transform"><float_array id="Spine1-Matrix-animation-output-transform-array" count="1376">

0.999965 0.003960 0.007353 0.000000 -0.003878 0.999930 -0.011147 16.254000 -0.007397 0.011118 0.999911 -0.165600 0.000000 0.000000 0.000000 1.000000
0.999964 0.003885 0.007539 0.000000 -0.003800 0.999930 -0.011225 16.254000 -0.007582 0.011196 0.999909 -0.165600 0.000000 0.000000 0.000000 1.000000
0.999964 0.003642 0.007711 0.000000 -0.003556 0.999930 -0.011241 16.254000 -0.007751 0.011214 0.999907 -0.165600 0.000000 0.000000 0.000000 1.000000
0.999963 0.003446 0.007860 -0.000000 -0.003358 0.999931 -0.011225 16.254000 -0.007898 0.011198 0.999906 -0.165600 0.000000 0.000000 0.000000 1.000000
0.999963 0.003261 0.007942 0.000000 -0.003172 0.999932 -0.011185 16.254000 -0.007978 0.011160 0.999906 -0.165600 0.000000 0.000000 0.000000 1.000000
0.999964 0.003096 0.007895 -0.000000 -0.003009 0.999934 -0.011080 16.254000 -0.007929 0.011056 0.999907 -0.165600 0.000000 0.000000 0.000000 1.000000
0.999966 0.002969 0.007681 0.000000 -0.002885 0.999936 -0.010925 16.254000 -0.007713 0.010903 0.999911 -0.165600 0.000000 0.000000 0.000000 1.000000
0.999969 0.002903 0.007358 0.000000 -0.002823 0.999938 -0.010783 16.254000 -0.007389 0.010762 0.999915 -0.165600 0.000000 0.000000 0.000000 1.000000
0.999971 0.002912 0.006989 -0.000000 -0.002837 0.999940 -0.010620 16.254000 -0.007019 0.010600 0.999919 -0.165600 0.000000 0.000000 0.000000 1.000000
0.999974 0.002992 0.006572 0.000000 -0.002924 0.999942 -0.010394 16.254000 -0.006602 0.010375 0.999924 -0.165600 0.000000 0.000000 0.000000 1.000000
0.999976 0.003143 0.006232 0.000000 -0.003080 0.999943 -0.010185 16.254000 -0.006264 0.010165 0.999929 -0.165600 0.000000 0.000000 0.000000 1.000000
0.999976 0.003336 0.006000 -0.000000 -0.003276 0.999945 -0.010000 16.254000 -0.006033 0.009980 0.999932 -0.165600 0.000000 0.000000 0.000000 1.000000
0.999977 0.003574 0.005811 -0.000000 -0.003517 0.999946 -0.009802 16.254000 -0.005846 0.009782 0.999935 -0.165600 0.000000 0.000000 0.000000 1.000000
0.999976 0.003814 0.005724 -0.000000 -0.003759 0.999947 -0.009606 16.254000 -0.005761 0.009584 0.999937 -0.165600 0.000000 0.000000 0.000000 1.000000
0.999975 0.004036 0.005737 -0.000000 -0.003982 0.999948 -0.009393 16.254000 -0.005775 0.009370 0.999939 -0.165600 0.000000 0.000000 0.000000 1.000000
0.999974 0.004309 0.005804 -0.000000 -0.004256 0.999949 -0.009122 16.254000 -0.005843 0.009097 0.999942 -0.165600 0.000000 0.000000 0.000000 1.000000
0.999972 0.004598 0.005917 0.000000 -0.004546 0.999951 -0.008801 16.254000 -0.005957 0.008774 0.999944 -0.165600 0.000000 0.000000 0.000000 1.000000
0.999969 0.005021 0.006099 0.000000 -0.004969 0.999952 -0.008415 16.254000 -0.006141 0.008384 0.999946 -0.165600 0.000000 0.000000 0.000000 1.000000
0.999964 0.005560 0.006363 0.000000 -0.005509 0.999953 -0.007986 16.254000 -0.006407 0.007951 0.999948 -0.165600 0.000000 0.000000 0.000000 1.000000
0.999959 0.006055 0.006674 0.000000 -0.006004 0.999953 -0.007622 16.254000 -0.006720 0.007581 0.999949 -0.165600 0.000000 0.000000 0.000000 1.000000
0.999953 0.006657 0.007049 0.000000 -0.006606 0.999952 -0.007282 16.254000 -0.007097 0.007235 0.999949 -0.165600 0.000000 0.000000 0.000000 1.000000
0.999946 0.007303 0.007423 0.000000 -0.007252 0.999950 -0.006919 16.254000 -0.007473 0.006865 0.999949 -0.165600 0.000000 0.000000 0.000000 1.000000
0.999940 0.007803 0.007681 -0.000000 -0.007752 0.999948 -0.006591 16.254000 -0.007732 0.006531 0.999949 -0.165600 0.000000 0.000000 0.000000 1.000000
0.999936 0.008206 0.007782 0.000000 -0.008157 0.999947 -0.006304 16.254000 -0.007833 0.006240 0.999950 -0.165600 0.000000 0.000000 0.000000 1.000000
0.999934 0.008528 0.007735 0.000000 -0.008481 0.999945 -0.006101 16.254000 -0.007787 0.006035 0.999951 -0.165600 0.000000 0.000000 0.000000 1.000000
0.999933 0.008718 0.007635 0.000000 -0.008672 0.999944 -0.006006 16.254000 -0.007687 0.005939 0.999953 -0.165600 0.000000 0.000000 0.000000 1.000000
0.999933 0.008778 0.007539 0.000000 -0.008733 0.999944 -0.005967 16.254000 -0.007591 0.005901 0.999954 -0.165600 0.000000 0.000000 0.000000 1.000000
0.999934 0.008775 0.007470 0.000000 -0.008730 0.999944 -0.005942 16.254000 -0.007522 0.005876 0.999954 -0.165600 0.000000 0.000000 0.000000 1.000000
0.999934 0.008751 0.007434 -0.000000 -0.008707 0.999945 -0.005898 16.254000 -0.007485 0.005833 0.999955 -0.165600 0.000000 0.000000 0.000000 1.000000
0.999935 0.008706 0.007384 0.000000 -0.008663 0.999946 -0.005796 16.254000 -0.007434 0.005732 0.999956 -0.165600 0.000000 0.000000 0.000000 1.000000
0.999936 0.008654 0.007264 -0.000000 -0.008613 0.999947 -0.005635 16.254000 -0.007312 0.005572 0.999958 -0.165600 0.000000 0.000000 0.000000 1.000000
0.999938 0.008585 0.007045 0.000000 -0.008546 0.999948 -0.005478 16.254000 -0.007091 0.005418 0.999960 -0.165600 0.000000 0.000000 0.000000 1.000000
0.999941 0.008508 0.006789 -0.000000 -0.008472 0.999950 -0.005369 16.254000 -0.006834 0.005311 0.999963 -0.165600 0.000000 0.000000 0.000000 1.000000
0.999943 0.008437 0.006556 0.000000 -0.008402 0.999951 -0.005289 16.254000 -0.006601 0.005234 0.999965 -0.165600 0.000000 0.000000 0.000000 1.000000
0.999945 0.008375 0.006358 0.000000 -0.008341 0.999951 -0.005236 16.254000 -0.006402 0.005183 0.999966 -0.165600 0.000000 0.000000 0.000000 1.000000
0.999946 0.008336 0.006225 0.000000 -0.008303 0.999952 -0.005236 16.254000 -0.006268 0.005184 0.999967 -0.165600 0.000000 0.000000 0.000000 1.000000
0.999947 0.008302 0.006152 -0.000000 -0.008270 0.999952 -0.005256 16.254000 -0.006195 0.005205 0.999967 -0.165600 0.000000 0.000000 0.000000 1.000000
0.999947 0.008271 0.006125 0.000000 -0.008239 0.999952 -0.005277 16.254000 -0.006168 0.005226 0.999967 -0.165600 0.000000 0.000000 0.000000 1.000000
0.999947 0.008234 0.006148 0.000000 -0.008201 0.999952 -0.005312 16.254000 -0.006191 0.005262 0.999967 -0.165600 0.000000 0.000000 0.000000 1.000000
0.999947 0.008182 0.006192 -0.000000 -0.008149 0.999953 -0.005312 16.254000 -0.006235 0.005261 0.999967 -0.165600 0.000000 0.000000 0.000000 1.000000
0.999948 0.008124 0.006228 -0.000000 -0.008091 0.999953 -0.005251 16.254000 -0.006271 0.005200 0.999967 -0.165600 0.000000 0.000000 0.000000 1.000000
0.999948 0.008062 0.006246 -0.000000 -0.008030 0.999954 -0.005178 16.254000 -0.006287 0.005127 0.999967 -0.165600 0.000000 0.000000 0.000000 1.000000
0.999949 0.008005 0.006231 -0.000000 -0.007973 0.999955 -0.005090 16.254000 -0.006271 0.005040 0.999968 -0.165600 0.000000 0.000000 0.000000 1.000000
0.999949 0.007954 0.006213 -0.000000 -0.007923 0.999956 -0.004993 16.254000 -0.006252 0.004943 0.999968 -0.165600 0.000000 0.000000 0.000000 1.000000
0.999949 0.007887 0.006230 0.000000 -0.007856 0.999956 -0.005057 16.254000 -0.006270 0.005008 0.999968 -0.165600 0.000000 0.000000 0.000000 1.000000
0.999950 0.007818 0.006296 0.000000 -0.007784 0.999955 -0.005483 16.254000 -0.006338 0.005434 0.999965 -0.165600 0.000000 0.000000 0.000000 1.000000
0.999949 0.007767 0.006483 -0.000000 -0.007726 0.999950 -0.006284 16.254000 -0.006531 0.006234 0.999959 -0.165600 0.000000 0.000000 0.000000 1.000000
0.999947 0.007707 0.006848 0.000000 -0.007657 0.999944 -0.007301 16.254000 -0.006904 0.007248 0.999950 -0.165600 0.000000 0.000000 0.000000 1.000000
0.999944 0.007951 0.007052 0.000000 -0.007892 0.999934 -0.008310 16.254000 -0.007118 0.008254 0.999941 -0.165600 0.000000 0.000000 0.000000 1.000000
0.999936 0.008600 0.007295 0.000000 -0.008532 0.999921 -0.009214 16.254000 -0.007373 0.009151 0.999931 -0.165600 0.000000 0.000000 0.000000 1.000000
0.999916 0.008999 0.009296 0.000000 -0.008903 0.999907 -0.010353 16.254000 -0.009388 0.010269 0.999903 -0.165600 0.000000 0.000000 0.000000 1.000000
